-1320443773 1270474360
-1806972563 1799953292
1986682294 -2079195781
2101296 -73548211
3061122 1509919074
1985415139 -1042254559
-1998053154 -659559804
-313475659 100362833
356067575 3061122
1270474360 -1936700685
-659559804 3107557
-1487452608 -1487452608
-1121889392 2101296
1072333400 -1187446711
581792104 -759416349
659657482 -1032320176
-1191122535 2095353985
3061122 1270474360
96558 3599757
-1020567853 79317863
-1936700685 -2079195781
555146884 -1042254559
-1806972563 -1806972563
659657482 79317863
-73548211 3065326
543110495 100362833
357998662 1842269447
-1998053154 -1042254559
2079921 2079921
-193651499 1385793596
-193651499 623388507
108863838 1496387459
79290 1367681748
-2079195781 665484796
-1049330159 1842269447
555146884 358405273
-104246991 -1123113148
-1487452608 1969032679
1799953292 -1998053154
1969032679 -1971034683
-2087032515 1385793596
1385793596 1986682294
3065326 3750178
3035140 1385793596
-2099327584 3061122
-2099327584 -2077388947
358405273 1270474360
3750178 358405273
1509919074 99456041
-1908743882 1224527442
-1738755902 2095353985
100362833 2064311162
64487142 2614668
286129762 -2087032515
-2135752763 -1020567853
108863838 1985415139
79317863 -2000282856
-73548211 3035140
623388507 108863838
1985415139 356067575
1842269447 984605322
3065326 2095353985
-1379067743 3065326
-897275839 3750178
100362833 1270474360
1666857170 -73548211
659657482 -1187446711
1985415139 -1020567853
1265341891 1224527442
2101296 543110495
1224527442 665484796
3599757 3061122
1496387459 1799953292
2101296 -2135752763
-1020567853 -313475659
-1320443773 79290
1385793596 -759416349
79317863 3035140
-1936700685 79290
1666857170 543110495
-1998053154 1367681748
356067575 623388507
-2135752763 157375084
-1020567853 -73548211
-1936700685 -1121889392
-1121889392 108863838
131376442 -1191122535
-897275839 623388507
357998662 357998662
108863838 108863838
1496387459 451394747
1072333400 1224527442
1928751643 1799953292
-1320443773 2095353985
3107557 -1897902831
1496387459 99456041
-1121889392 65803288
-1998053154 100362833
594938143 1224527442
131376442 1509919074
-2087032515 1224527442
3065326 -2000282856
3107557 -1332471775
665484796 1367681748
2064311162 -1998053154
1367681748 1985415139
1224527442 1799953292
358405273 -1789588979
-659559804 -659559804
2039575 2614668
3599757 1072333400
-1042254559 -1998053154
1969032679 -1042254559
286129762 -2099327584
1985415139 -1690634473
-1320443773 -1191122535
1986682294 1799953292
356067575 -2099327584
-2079195781 -1042254559
-1020567853 -2099327584
415212481 543110495
2101296 -1320443773
-1042254559 1799953292
356067575 -1187446711
65803288 2000483428
-1789588979 -1191529098
1367681748 1666857170
1509919074 131376442
3750178 -1789588979
3061122 1985415139
-1042254559 1224527442
1969032679 659657482
543110495 -2135752763
2000483428 3061122
-1042254559 -2000282856
-1032320176 -1191122535
1799953292 451394747
108863838 1385793596
1985415139 -897275839
2064311162 99456041
-1020567853 581792104
-1191529098 -1897902831
-2000282856 1985415139
131376442 65803288
659657482 1224527442
2556577 1224527442
1666857170 108863838
-2135752763 -1123113148
-1971034683 -1998053154
1969032679 99456041
3035140 665484796
-2135752763 794559889
665484796 1986682294
794559889 794559889
-1191529098 157375084
1985415139 79317863
1270474360 1270474360
1385793596 1224527442
-1020567853 415212481
131376442 2064311162
-2099327584 1842269447
-313475659 1072333400
64487142 -1123113148
-1789588979 79317863
3065326 -1032320176
2095353985 -1191122535
-1032320176 -1020567853
-1320443773 -2135752763
-313475659 623388507
99456041 2064311162
1509919074 -1971034683
1985415139 3599757
-2099327584 -1936700685
-1042254559 -1032320176
1842269447 2064311162
1496387459 286129762
357998662 109302502
1072333400 -2087032515
659657482 108863838
108863838 1842269447
79290 3599757
-1121889392 -193651499
1985415139 1666857170
-1998053154 3599757
-1998053154 -1123113148
-1320443773 2064311162
581792104 665484796
-1998053154 -759416349
543110495 -984119941
-1998053154 2101296
108863838 2039575
1986682294 -1191529098
1985415139 1985415139
-1320443773 1072333400
665484796 -1690634473
451394747 -2000282856
-2079195781 65803288
-1998053154 543110495
659657482 -2079195781
-1789588979 1270474360
3061122 -1936700685
-1191529098 415212481
-73548211 79317863
-2135752763 3065326
286129762 357998662
210278047 543110495
1981034217 1985415139
79317863 108863838
623388507 -193651499
286129762 79317863
659657482 581792104
-659559804 -1897902831
1986682294 1985415139
1224527442 -1448221180
79290 79290
-1191529098 65803288
3035140 -1908743882
-2099327584 -2079195781
1367681748 1496387459
-1998053154 -1897902831
64487142 108863838
-2135752763 -2077388947
1385793596 1985415139
1270474360 -1191122535
415212481 -2087032515
665484796 2000483428
-2000282856 3599757
358405273 -193651499
-1032320176 -1897902831
-313475659 -1998053154
659657482 -1020567853
581792104 3750178
2039575 555146884
1496387459 543110495
-73548211 3035543
1985415139 1799953292
-1121889392 -1320443773
-659559804 -2099327584
3035140 3750178
210278047 109302502
69002024 -2099327584
581792104 1509919074
-1690634473 -897275839
1799953292 2000483428
3035140 -2079195781
-984119941 -2000282856
-1121889392 99456041
356067575 1496387459
-1936700685 -2099327584
1509919074 357998662
3061122 3061122
2000483428 96558
3061122 1928751643
358405273 1666857170
1666857170 1072333400
-1998053154 131376442
79317863 1367681748
623388507 -897275839
-1191529098 1981034217
131376442 -984119941
99456041 -2099327584
1985415139 131376442
79317863 1224527442
1666857170 1270474360
623388507 79290
623388507 2000483428
-2079195781 2064311162
-1032320176 1224527442
659657482 1666857170
2095353985 -2135752763
3035140 -1998053154
-73548211 1367681748
356067575 108863838
3035140 64487142
3061122 1496387459
64487142 1224527442
-1191122535 1496387459
131376442 1986682294
1986682294 -2099327584
1270474360 1799953292
1799953292 2101296
100362833 -313475659
357998662 -2135752763
555146884 -1998053154
3035543 2604503
-1020567853 -659559804
594938143 594938143
543110495 2101296
1367681748 3035140
-2099327584 -1121889392
581792104 -1320443773
2000483428 2000483428
1367681748 543110495
1072333400 543110495
1270474360 79317863
1496387459 108863838
1666857170 2095353985
64487142 623388507
-2087032515 3035140
543110495 -1191529098
-1032320176 -2079195781
358405273 -1032320176
-73548211 -2000282856
2095353985 1986682294
543110495 1928751643
1985415139 1072333400
-2135752763 109302502
-897275839 -1042254559
109302502 1985415139
794559889 415212481
-1032320176 1799953292
-1897902831 -1897902831
-2087032515 1270474360
1270474360 -2000282856
451394747 451394747
1666857170 3107557
1985415139 451394747
-1121889392 69002024
623388507 -1998053154
-759416349 659657482
1842269447 1509919074
-1448221180 131376442
-1998053154 3035140
665484796 3599757
1799953292 1496387459
-1690634473 1842269447
1367681748 -193651499
451394747 79317863
1986682294 543110495
-659559804 357998662
-2000282856 1509919074
-1032320176 3061122
1011056519 1842269447
1666857170 -193651499
543110495 1666857170
-1998053154 210278047
-1320443773 -1998053154
1986682294 -1121889392
-1690634473 69002024
-1998053154 -1187446711
157375084 157375084
3061122 -2079195781
-2079195781 1985415139
-1187446711 -1448221180
1367681748 -1936700685
-1020567853 3035140
623388507 623388507
3107557 1224527442
79317863 1985415139
-2099327584 2064311162
2095353985 665484796
3035140 1842269447
-1971034683 451394747
2556577 -1320443773
665484796 286129762
99456041 1385793596
-1971034683 1969032679
659657482 -1998053154
1270474360 3750178
131376442 3065326
581792104 -1020567853
1928751643 1842269447
356067575 -1191122535
-1320443773 69002024
1385793596 1496387459
-2135752763 -313475659
-2135752763 2000483428
3750178 -1998053154
1270474360 1666857170
2095353985 2556577
3599757 -2000282856
2095353985 2000483428
-1936700685 2064311162
1509919074 358405273
65803288 -2000282856
1842269447 2095353985
-984119941 1385793596
79317863 100362833
1969032679 -1191529098
555146884 2101296
1985415139 -659559804
1496387459 -1042254559
-2079195781 -313475659
-897275839 1270474360
1265341891 1265341891
1985415139 984605322
543110495 1072333400
100362833 2101296
-2000282856 -1020567853
984605322 1981034217
3061122 -2087032515
665484796 1224527442
1072333400 1270474360
-759416349 1270474360
-1789588979 1224527442
65803288 3035140
543110495 -2000282856
1224527442 69002024
-2099327584 1496387459
-1998053154 -2077388947
108863838 -1936700685
3529808 79290
1986682294 1986682294
1986682294 3061122
1666857170 1367681748
356067575 3035543
-2099327584 -1042254559
451394747 -2099327584
-2135752763 -2000282856
1842269447 -1998053154
1799953292 -1897902831
108863838 131376442
210278047 -2099327584
543110495 1985415139
1666857170 358405273
665484796 1496387459
1799953292 1224527442
1509919074 3035140
357998662 286129762
-2000282856 286129762
415212481 1799953292
1367681748 1270474360
-1998053154 1509919074
-1998053154 2064311162
-897275839 -1998053154
-1191529098 1224527442
358405273 1969032679
-1063584646 451394747
3065326 108863838
-1191529098 109302502
-895561735 -1032320176
1509919074 1799953292
-897275839 -897275839
1928751643 659657482
-1191529098 3599757
2064311162 1799953292
543110495 358405273
1985415139 659657482
2064311162 1928751643
108863838 -2000282856
-2000282856 99456041
1985415139 1969032679
-1971034683 -2087032515
665484796 3061122
1799953292 96558
-2000282856 3061122
1666857170 -1320443773
-759416349 1496387459
3599757 -897275839
2064311162 665484796
356067575 451394747
-2079195781 3061122
3061122 -73548211
1842269447 -2087032515
-313475659 1666857170
-1320443773 356067575
555146884 2039575
1842269447 -1487452608
79290 555146884
-2079195781 -2079195781
356067575 1842269447
659657482 357998662
1842269447 -73548211
-2099327584 1985415139
-1042254559 555146884
-2135752763 1385793596
1496387459 -2135752763
-313475659 -2135752763
3065326 451394747
-1998053154 451394747
-2135752763 -1191529098
-2000282856 665484796
-1320443773 3107557
-2135752763 108863838
-1998053154 -1020567853
-1121889392 1799953292
984605322 -659559804
1496387459 131376442
3065326 3065326
1496387459 -1191529098
1842269447 210278047
1985415139 -73548211
2604503 2604503
286129762 1799953292
1842269447 65803288
3061122 -2135752763
69002024 -1487452608
-1936700685 -313475659
96558 1496387459
3750178 108863838
-1020567853 1666857170
1842269447 3035140
-1020567853 3061122
-1191529098 1985415139
79317863 -1020567853
2064311162 100362833
-73548211 -1998053154
-895561735 -73548211
2101296 -2079195781
79317863 -659559804
1799953292 100362833
1270474360 1496387459
-1032320176 -1936700685
-1320443773 2101296
1385793596 665484796
-313475659 1928751643
-1690634473 1799953292
-1191529098 1496387459
-2087032515 286129762
665484796 2095353985
-1998053154 108863838
-1049330159 357998662
1509919074 1985415139
131376442 451394747
1842269447 623388507
1842269447 1666857170
3529808 3061122
-2135752763 2095353985
623388507 2101296
2064311162 -1320443773
1842269447 -1020567853
1985415139 -1320443773
-1020567853 -1020567853
1969032679 1385793596
-1998053154 3750178
-2079195781 2556577
-2079195781 -1121889392
-2087032515 3061122
-1121889392 -1936700685
79317863 665484796
-313475659 3599757
-193651499 -659559804
1224527442 -1936700685
3035140 79290
-895561735 100362833
-1320443773 99456041
984605322 623388507
-1042254559 -1320443773
79317863 79317863
131376442 -1936700685
3061122 -1998053154
-1191529098 131376442
2000483428 -1020567853
-984119941 3061122
-1998053154 623388507
1666857170 99456041
-1191529098 -1320443773
-1121889392 659657482
665484796 1985415139
79317863 99456041
1385793596 79317863
-313475659 -2079195781
96558 1799953292
1270474360 131376442
99456041 1072333400
-1690634473 -1998053154
2079921 2039575
-1320443773 -759416349
-1191122535 -2099327584
1509919074 -73548211
-313475659 1842269447
-1806972563 -1320443773
-313475659 1367681748
1509919074 659657482
69002024 1224527442
543110495 357998662
2000483428 210278047
-2135752763 -1971034683
-897275839 1072333400
1385793596 1666857170
1072333400 -1123113148
99456041 -1042254559
-193651499 131376442
3529808 1981034217
-1042254559 1385793596
-2000282856 79290
3035140 3035140
-1320443773 1509919074
1509919074 -1191529098
-1032320176 131376442
555146884 3035140
543110495 108863838
-1191529098 1799953292
-1690634473 -1936700685
-313475659 -1020567853
358405273 -1897902831
1265341891 2095353985
1509919074 79317863
-1690634473 1985415139
-1121889392 2095353985
1986682294 1496387459
356067575 -2079195781
64487142 451394747
-2135752763 2064311162
-895561735 -1998053154
109302502 1509919074
623388507 1986682294
99456041 99456041
-984119941 3750178
415212481 1842269447
659657482 -1042254559
2101296 -1998053154
3035140 -897275839
3107557 356067575
-1020567853 1385793596
-1191529098 3035140
-2000282856 -1936700685
356067575 -1936700685
357998662 -1020567853
2095353985 1224527442
2095353985 65803288
-1191122535 108863838
-897275839 99456041
2101296 2101296
-1998053154 -313475659
99456041 100362833
-1020567853 2064311162
1986682294 79290
594938143 1072333400
79317863 -2087032515
357998662 -1971034683
3750178 581792104
1270474360 99456041
-984119941 -984119941
555146884 -1121889392
1842269447 79317863
543110495 210278047
2095353985 1367681748
1969032679 1509919074
659657482 1928751643
1496387459 -2000282856
1072333400 -2079195781
1969032679 555146884
451394747 2095353985
1270474360 358405273
665484796 659657482
623388507 1367681748
-1690634473 2101296
1842269447 -1690634473
109302502 -1448221180
356067575 659657482
3061122 1385793596
357998662 1986682294
357998662 2101296
-1063584646 -2135752763
-659559804 -1998053154
-1320443773 -193651499
-1020567853 210278047
-313475659 1496387459
1367681748 3061122
108863838 1367681748
-313475659 -1187446711
1928751643 2064311162
659657482 -1121889392
1985415139 -2087032515
-1187446711 -2135752763
1986682294 1367681748
-1121889392 543110495
-1332471775 -1332471775
-1121889392 -1897902831
-1049330159 1969032679
-1121889392 79317863
-1191529098 -1123113148
-659559804 1072333400
-1320443773 -659559804
1666857170 79317863
356067575 3107557
3750178 1367681748
-313475659 -659559804
581792104 659657482
581792104 357998662
-2000282856 -1897902831
-1191529098 -2099327584
1224527442 79317863
109302502 2095353985
-2135752763 1842269447
1928751643 -1020567853
3061122 543110495
-73548211 -1738755902
1842269447 -1042254559
1072333400 -1320443773
2000483428 543110495
-759416349 69002024
3599757 79290
1270474360 1509919074
1367681748 -73548211
-1320443773 1367681748
-1998053154 1985415139
1270474360 1367681748
-1789588979 3750178
1072333400 1385793596
-895561735 -2077388947
581792104 1072333400
-1191529098 356067575
1842269447 356067575
100362833 1799953292
-2000282856 65803288
-73548211 1072333400
65803288 65803288
-895561735 -2000282856
3061122 79317863
543110495 1509919074
1928751643 451394747
358405273 358405273
-2135752763 1985415139
357998662 581792104
3061122 1224527442
-2087032515 415212481
1985415139 -2135752763
1969032679 -1998053154
99456041 -313475659
984605322 1224527442
357998662 3061122
-1320443773 79317863
131376442 108863838
-2135752763 -104246991
-1121889392 -1121889392
-73548211 623388507
3107557 3107557
-2079195781 1842269447
-2079195781 -1191122535
555146884 1496387459
-1187446711 -1042254559
-2087032515 451394747
-895561735 2095353985
2101296 1842269447
-759416349 -1020567853
-1191529098 543110495
131376442 356067575
-1908743882 -1908743882
-659559804 -1690634473
1224527442 -1332471775
2095353985 623388507
131376442 1799953292
-1998053154 -1191529098
-2135752763 -659559804
3750178 -759416349
-1121889392 1496387459
-1049330159 2064311162
-1121889392 -313475659
-1332471775 1265341891
-2135752763 -759416349
-1032320176 1509919074
1509919074 1928751643
79317863 357998662
109302502 100362833
1385793596 2101296
-2135752763 96558
581792104 -1998053154
96558 109302502
-193651499 1842269447
1928751643 1509919074
3750178 2000483428
286129762 2064311162
555146884 1969032679
-1020567853 -1998053154
3529808 -1191529098
-2135752763 -1690634473
1928751643 -1998053154
96558 451394747
1385793596 2095353985
-2135752763 -2079195781
-1448221180 -313475659
-759416349 1666857170
543110495 1367681748
79290 665484796
1986682294 -1042254559
100362833 1986682294
665484796 1270474360
1666857170 3750178
-1191529098 -2087032515
1986682294 -1998053154
108863838 1666857170
-1320443773 659657482
1986682294 1072333400
2064311162 69002024
1985415139 -1191529098
286129762 1666857170
-1789588979 -1789588979
-1121889392 1270474360
1842269447 -1936700685
-1789588979 357998662
3065326 -1042254559
-1320443773 1224527442
543110495 -659559804
-1191529098 1969032679
-1332471775 1509919074
-73548211 1224527442
100362833 -2135752763
2079921 -73548211
108863838 -1320443773
-1191122535 1367681748
-1032320176 210278047
659657482 1969032679
3065326 -2099327584
-2000282856 -313475659
-1020567853 -2087032515
1981034217 1986682294
99456041 1799953292
-2079195781 -1998053154
1270474360 286129762
2101296 -1121889392
555146884 -2079195781
543110495 79317863
131376442 -313475659
623388507 1496387459
2101296 -659559804
-1690634473 -2079195781
2000483428 -2099327584
-659559804 131376442
-659559804 1509919074
543110495 -1690634473
79290 -2079195781
1985415139 1367681748
-1121889392 -2099327584
-313475659 210278047
2000483428 1367681748
-897275839 1842269447
-2079195781 131376442
1985415139 -1121889392
131376442 286129762
-73548211 -1042254559
358405273 -2099327584
-2079195781 79290
1496387459 -1936700685
1265341891 -1191122535
3599757 -313475659
64487142 -895561735
-1690634473 543110495
99456041 1367681748
3750178 1666857170
-1998053154 1385793596
-1332471775 2095353985
65803288 3107557
623388507 -313475659
3599757 -1020567853
543110495 623388507
1367681748 -2000282856
79317863 356067575
108863838 -2079195781
-1020567853 1270474360
99456041 -2000282856
64487142 1385793596
-2000282856 -2000282856
64487142 3065326
-2087032515 -1320443773
665484796 3035140
-2087032515 -2099327584
3061122 555146884
131376442 1985415139
-659559804 -2077388947
-895561735 1367681748
99456041 543110495
109302502 -1738755902
109302502 1969032679
-2000282856 -1191529098
-2087032515 -1971034683
-313475659 -1690634473
-1032320176 -759416349
415212481 357998662
623388507 1799953292
-2079195781 451394747
555146884 -1020567853
1928751643 665484796
543110495 -1789588979
1224527442 451394747
1842269447 -759416349
2095353985 1496387459
99456041 -193651499
1985415139 1981034217
69002024 100362833
3035140 358405273
-313475659 108863838
-759416349 543110495
-1020567853 -1121889392
1666857170 1842269447
-1042254559 -1042254559
-1320443773 -313475659
-895561735 79290
131376442 -73548211
-1936700685 -1936700685
210278047 -313475659
-1020567853 1509919074
-1936700685 -1998053154
1385793596 659657482
-1971034683 -1191529098
1842269447 665484796
-193651499 -193651499
1224527442 356067575
-659559804 1985415139
-897275839 2614668
-2000282856 -1998053154
665484796 131376442
-1042254559 1496387459
-897275839 -73548211
358405273 659657482
-1191529098 -759416349
210278047 -659559804
-313475659 -313475659
1072333400 -1789588979
1799953292 665484796
-1063584646 79290
1928751643 2000483428
659657482 -313475659
79290 1496387459
1509919074 1224527442
-1121889392 -1191122535
1367681748 3599757
3065326 -1897902831
984605322 99456041
-895561735 -1063584646
2039575 -1032320176
-759416349 -2079195781
-2000282856 1496387459
1842269447 -2077388947
1367681748 -2079195781
-1020567853 357998662
109302502 1496387459
96558 96558
-1936700685 1496387459
79290 -2000282856
-897275839 1666857170
-2099327584 -2000282856
3750178 3750178
-2099327584 3107557
99456041 -1936700685
-2000282856 -73548211
-1379067743 1270474360
1842269447 1985415139
-1998053154 109302502
357998662 1367681748
357998662 99456041
-1320443773 3061122
1799953292 357998662
-1042254559 659657482
1986682294 -2087032515
1842269447 108863838
1799953292 -1020567853
-1042254559 1842269447
1985415139 -1123113148
415212481 108863838
-1789588979 1367681748
-2135752763 -1187446711
1367681748 -1320443773
3035140 79317863
131376442 -2099327584
1986682294 1385793596
65803288 543110495
108863838 451394747
358405273 -1487452608
-1042254559 3035140
1270474360 -1897902831
-313475659 3061122
-2099327584 -313475659
-1191529098 2064311162
357998662 3599757
210278047 357998662
2101296 1270474360
1842269447 358405273
3061122 -2099327584
357998662 451394747
100362833 357998662
-895561735 -1897902831
-1020567853 1986682294
-659559804 -1191529098
1842269447 -2079195781
1799953292 1842269447
623388507 356067575
69002024 -1049330159
2095353985 1985415139
64487142 -1049330159
1385793596 3021222
543110495 96558
-1123113148 2064311162
1270474360 -2079195781
-2079195781 108863838
3599757 -1123113148
1072333400 286129762
-897275839 -2099327584
-1020567853 109302502
-895561735 357998662
1072333400 1072333400
1985415139 2064311162
108863838 -659559804
1799953292 3061122
-1690634473 1720966523
1072333400 2064311162
-2000282856 3107557
79317863 -2099327584
131376442 79290
-1191122535 1985415139
131376442 -1123113148
-1191529098 2000483428
-1123113148 1986682294
1072333400 -313475659
1928751643 1985415139
1842269447 79290
-2000282856 109302502
-1806972563 3061122
3750178 -193651499
1509919074 1969032679
-1032320176 -1971034683
1367681748 1072333400
-1806972563 -1020567853
1072333400 1666857170
-2135752763 -1032320176
-2135752763 1509919074
1799953292 -2099327584
-1998053154 358405273
594938143 -1998053154
1367681748 1842269447
2101296 2095353985
131376442 -1998053154
-73548211 79290
79290 451394747
65803288 984605322
-897275839 1224527442
100362833 2556577
-1191529098 665484796
1986682294 -1936700685
3035140 659657482
-1320443773 1666857170
-2099327584 1799953292
543110495 659657482
-2079195781 2095353985
96558 623388507
3750178 543110495
356067575 131376442
1969032679 1367681748
1224527442 1367681748
1985415139 -1936700685
659657482 1509919074
3599757 1985415139
1985415139 -313475659
-2135752763 131376442
79290 108863838
1072333400 -1121889392
-2135752763 1072333400
3107557 1367681748
1224527442 79290
99456041 1842269447
2039575 2039575
2095353985 79290
357998662 1985415139
-73548211 1842269447
2064311162 -1191529098
2064311162 1981034217
-2099327584 665484796
1928751643 79290
1666857170 -2079195781
1969032679 1224527442
3065326 555146884
3061122 356067575
-1063584646 -1971034683
357998662 -1936700685
1985415139 -2079195781
1842269447 -895561735
2000483428 79317863
210278047 1985415139
79317863 -1998053154
79317863 -2079195781
-1191529098 -1191122535
79290 -1936700685
-1187446711 623388507
-1320443773 1385793596
-2077388947 -2077388947
555146884 -1320443773
286129762 3061122
623388507 1842269447
2064311162 1224527442
-960224737 -960224737
100362833 -759416349
3065326 -2135752763
2095353985 -1332471775
-1049330159 -1049330159
543110495 -1032320176
665484796 -2000282856
1666857170 1666857170
131376442 -1187446711
659657482 1385793596
-2000282856 -2135752763
984605322 1986682294
357998662 2064311162
-1032320176 555146884
-1020567853 -1806972563
64487142 79317863
64487142 3035140
108863838 543110495
1842269447 -1123113148
1072333400 -1020567853
1367681748 1385793596
1072333400 -1936700685
-2079195781 659657482
-1191122535 3599757
286129762 -73548211
-895561735 -895561735
358405273 -1320443773
-2135752763 3035140
108863838 3061122
555146884 3061122
99456041 451394747
-1690634473 108863838
-2087032515 1842269447
1224527442 1265341891
1969032679 -1897902831
-1448221180 1842269447
-1032320176 -1998053154
357998662 -1320443773
1969032679 -1020567853
109302502 -2079195781
3035140 623388507
64487142 64487142
79290 -1897902831
1072333400 99456041
-1320443773 -2099327584
-1042254559 358405273
1224527442 -1738755902
-1191529098 1509919074
-897275839 -1320443773
1928751643 -960224737
-1998053154 -193651499
1986682294 1509919074
-1187446711 3061122
-1320443773 -1187446711
623388507 451394747
555146884 451394747
1842269447 415212481
-1121889392 -1998053154
99456041 2095353985
79317863 1270474360
64487142 -1379067743
-659559804 1986682294
131376442 -1042254559
415212481 -2099327584
3035140 -1320443773
-2087032515 -1191529098
358405273 65803288
1928751643 -2099327584
1072333400 581792104
2079921 79317863
-2079195781 356067575
1270474360 665484796
-2099327584 2095353985
-1897902831 1224527442
-1032320176 -1049330159
-1320443773 -1020567853
1985415139 2095353985
286129762 108863838
1509919074 1986682294
1985415139 1385793596
1072333400 79317863
-1690634473 -1042254559
1842269447 543110495
79317863 -984119941
-2135752763 99456041
-1738755902 1224527442
69002024 1270474360
1509919074 -659559804
-2135752763 984605322
-897275839 3035140
3035543 451394747
-1032320176 1367681748
3035140 -759416349
79317863 1509919074
1270474360 451394747
99456041 1224527442
-1690634473 451394747
1367681748 -1998053154
-2087032515 109302502
-1379067743 1367681748
3750178 131376442
1842269447 1842269447
1842269447 -2099327584
1842269447 -2000282856
-1121889392 96558
-2079195781 1799953292
-659559804 1496387459
1224527442 -2000282856
1985415139 1224527442
1981034217 1981034217
109302502 96558
794559889 -1690634473
665484796 1799953292
1985415139 1496387459
1986682294 -659559804
623388507 2095353985
96558 3750178
2095353985 109302502
-73548211 286129762
-1121889392 623388507
-1032320176 99456041
2000483428 357998662
1981034217 99456041
-895561735 623388507
-1690634473 3750178
131376442 -1032320176
3061122 -1042254559
-2135752763 357998662
1496387459 79290
1842269447 2101296
1224527442 -1320443773
-1020567853 131376442
-2079195781 -2135752763
286129762 286129762
-1320443773 100362833
-1191529098 79317863
1224527442 3065326
2064311162 -1123113148
3107557 -1191122535
-2077388947 -2099327584
1985415139 -2077388947
131376442 -1020567853
1666857170 1224527442
79290 -2135752763
1509919074 665484796
-1320443773 -1897902831
-2000282856 1986682294
2095353985 99456041
-1020567853 543110495
286129762 1367681748
286129762 1224527442
-1032320176 358405273
-1320443773 -2079195781
-1971034683 -2000282856
1224527442 2101296
543110495 543110495
356067575 -73548211
1969032679 2095353985
-1379067743 108863838
984605322 65803288
1385793596 -1998053154
-313475659 659657482
1842269447 3750178
-1936700685 -1042254559
543110495 -1448221180
210278047 1799953292
-1049330159 69002024
-2099327584 108863838
79290 -313475659
1969032679 -659559804
131376442 -1448221180
594938143 2095353985
3061122 3750178
1842269447 3107557
-2087032515 210278047
356067575 99456041
-1971034683 358405273
1385793596 -1121889392
2039575 451394747
-1191529098 -1998053154
1842269447 451394747
2064311162 1842269447
131376442 2556577
2079921 -1897902831
2095353985 131376442
1385793596 3061122
1985415139 543110495
984605322 -2135752763
-1063584646 -895561735
1224527442 131376442
-2135752763 2039575
1496387459 -984119941
-1320443773 -1320443773
-1121889392 3035140
543110495 -759416349
131376442 2095353985
-2000282856 3750178
1666857170 -1187446711
-897275839 108863838
-313475659 1799953292
-2079195781 79317863
-984119941 -1971034683
2095353985 451394747
65803288 1385793596
1842269447 131376442
-1320443773 -2077388947
-1487452608 -1049330159
555146884 79317863
-759416349 -1936700685
-1032320176 1496387459
-2000282856 -1690634473
1985415139 109302502
-2079195781 1224527442
1224527442 1986682294
1265341891 2556577
109302502 984605322
-1936700685 -2000282856
1842269447 -1806972563
3035140 2101296
-759416349 1842269447
64487142 69002024
-1049330159 -1487452608
1072333400 -73548211
1496387459 1224527442
358405273 1509919074
-1998053154 1224527442
984605322 1969032679
3599757 2095353985
623388507 1224527442
1265341891 -2000282856
-2135752763 -2099327584
79290 1985415139
79290 -2099327584
-1332471775 99456041
-2099327584 1270474360
1072333400 1509919074
3599757 357998662
-897275839 -2135752763
1969032679 1842269447
3107557 665484796
2064311162 -2079195781
1986682294 2095353985
-659559804 1799953292
-1032320176 -2099327584
-759416349 79317863
79317863 -313475659
210278047 -2000282856
1367681748 -1123113148
-1320443773 -1191529098
-1020567853 1496387459
-2099327584 79317863
3035140 1969032679
79317863 1072333400
-1320443773 1985415139
3035140 99456041
659657482 -1806972563
-659559804 100362833
1985415139 69002024
79290 2095353985
2095353985 2095353985
1509919074 2039575
-1908743882 3035140
-73548211 356067575
-1191529098 -1971034683
1666857170 -313475659
69002024 -73548211
3035140 1986682294
96558 -1998053154
-2099327584 1072333400
-895561735 -2079195781
-2087032515 -1042254559
1799953292 1270474360
415212481 -1936700685
100362833 2095353985
-1042254559 623388507
543110495 286129762
64487142 -2099327584
-1320443773 -1121889392
543110495 1842269447
-984119941 -1020567853
79317863 -1191122535
2095353985 108863838
65803288 -313475659
3035543 -73548211
-1998053154 -2135752763
131376442 1270474360
131376442 -1121889392
65803288 -1191122535
2064311162 -2135752763
-759416349 -2135752763
-1032320176 1986682294
-2000282856 356067575
-2099327584 543110495
-659559804 2064311162
-2135752763 -1998053154
3035140 3065326
-1998053154 64487142
581792104 1270474360
-2000282856 659657482
-193651499 1985415139
357998662 96558
79317863 358405273
-897275839 -895561735
358405273 79317863
-73548211 -1936700685
-1998053154 -1320443773
109302502 -659559804
1072333400 3750178
-659559804 79317863
659657482 1496387459
-2079195781 543110495
2079921 623388507
-1121889392 -2135752763
-1908743882 1496387459
-2135752763 543110495
984605322 2064311162
-1032320176 -1487452608
555146884 1986682294
-659559804 108863838
1666857170 -1020567853
-2135752763 -1121889392
594938143 1367681748
-2000282856 984605322
-313475659 451394747
-2079195781 1986682294
-1738755902 -1738755902
79317863 -1042254559
-1191529098 -2079195781
-1936700685 1986682294
356067575 1224527442
79317863 69002024
3061122 3599757
3035140 -1448221180
286129762 1072333400
-1121889392 3061122
210278047 96558
1985415139 3061122
-2079195781 -1806972563
-2079195781 -659559804
65803288 2095353985
-1032320176 108863838
1842269447 -1191122535
1270474360 2000483428
-2087032515 -313475659
-73548211 -2079195781
659657482 -759416349
665484796 543110495
-1032320176 1842269447
-1121889392 1367681748
1969032679 1981034217
543110495 -313475659
1367681748 1367681748
79317863 2000483428
131376442 1072333400
3061122 1986682294
-73548211 -2099327584
79317863 -2135752763
357998662 659657482
2095353985 -1738755902
65803288 1842269447
96558 1985415139
1496387459 -1998053154
210278047 451394747
2000483428 -1320443773
1842269447 1986682294
1072333400 108863838
3061122 1072333400
79290 1224527442
1509919074 -1320443773
-659559804 -73548211
-2099327584 131376442
-193651499 3750178
1270474360 -1320443773
-1042254559 1986682294
96558 -659559804
-659559804 665484796
-1191529098 -659559804
3065326 131376442
-193651499 358405273
1799953292 1799953292
1985415139 1509919074
1224527442 108863838
1985415139 1986682294
-193651499 1666857170
2095353985 -1320443773
-1998053154 1666857170
-2000282856 -1191122535
1799953292 79317863
-1063584646 -2000282856
2101296 79317863
1496387459 665484796
1985415139 357998662
543110495 3061122
415212481 415212481
-1936700685 108863838
1270474360 -1998053154
1666857170 -1123113148
69002024 -1320443773
1270474360 -2099327584
65803288 1224527442
543110495 1986682294
109302502 -193651499
356067575 2039575
100362833 1224527442
-2087032515 543110495
-1998053154 356067575
357998662 1224527442
555146884 65803288
1986682294 451394747
357998662 543110495
-1187446711 1072333400
-1191529098 1986682294
210278047 1224527442
1666857170 659657482
1720966523 1720966523
1367681748 1799953292
3035140 -1042254559
-313475659 -1936700685
99456041 109302502
-895561735 -1020567853
1072333400 -2099327584
-2079195781 3107557
99456041 1981034217
-104246991 108863838
210278047 -2135752763
1842269447 1367681748
-1690634473 -1020567853
659657482 1270474360
1666857170 623388507
1270474360 1842269447
100362833 79290
1224527442 -1998053154
-1191122535 1224527442
2614668 2614668
555146884 99456041
1509919074 -1032320176
-2099327584 -2135752763
581792104 -2135752763
-2099327584 659657482
79317863 -2077388947
3107557 -2099327584
1224527442 2000483428
659657482 3061122
131376442 -2135752763
-2079195781 3035140
665484796 79290
1270474360 543110495
581792104 581792104
-2087032515 -2135752763
286129762 2000483428
65803288 -1332471775
131376442 -2079195781
-659559804 1224527442
3599757 -1897902831
356067575 -1897902831
131376442 1496387459
109302502 -1032320176
1224527442 65803288
-1379067743 -1379067743
-1032320176 659657482
79290 1799953292
-1032320176 -2000282856
2556577 131376442
2095353985 3599757
623388507 543110495
665484796 79317863
2095353985 -1121889392
1666857170 -1191529098
3035140 -2087032515
131376442 1224527442
-313475659 1985415139
1385793596 108863838
-1971034683 -1042254559
357998662 415212481
1799953292 109302502
3061122 -1121889392
357998662 3035140
79317863 415212481
3061122 1666857170
1265341891 -1332471775
-1191529098 79290
1799953292 -1042254559
2095353985 -2079195781
543110495 1224527442
-984119941 2556577
100362833 543110495
108863838 -1897902831
1842269447 96558
-1998053154 2095353985
3599757 -1191122535
286129762 131376442
1496387459 -1971034683
-895561735 1224527442
-1806972563 -759416349
1224527442 3599757
99456041 2000483428
623388507 1509919074
-1121889392 665484796
286129762 -193651499
1385793596 -2000282856
3061122 99456041
2064311162 1986682294
1799953292 1666857170
-1806972563 2000483428
-1332471775 -984119941
-73548211 2614668
3529808 1270474360
79317863 -1191529098
1385793596 3750178
1224527442 -1897902831
64487142 3599757
-1032320176 1270474360
96558 210278047
-1020567853 -1908743882
2064311162 1666857170
-1936700685 543110495
-1020567853 659657482
356067575 1385793596
65803288 -1320443773
2095353985 1799953292
-313475659 131376442
3061122 1799953292
555146884 1385793596
623388507 -2099327584
3599757 1224527442
1072333400 3599757
-1690634473 -2000282856
984605322 1985415139
1985415139 -1897902831
-313475659 96558
1367681748 79317863
1928751643 -2000282856
-895561735 -313475659
-193651499 1270474360
-1806972563 -2079195781
-2000282856 1928751643
-1020567853 -1191122535
659657482 1985415139
358405273 1842269447
357998662 100362833
3061122 451394747
79290 -1191122535
-1042254559 79317863
99456041 1928751643
1842269447 555146884
3061122 659657482
210278047 -2079195781
1224527442 -1191122535
-1936700685 131376442
-1123113148 -104246991
-2079195781 -1897902831
-2087032515 1985415139
-984119941 79317863
-2135752763 -1320443773
659657482 -1191529098
3750178 -2000282856
-2000282856 131376442
69002024 69002024
-193651499 1367681748
-193651499 -1320443773
3061122 -313475659
-1998053154 665484796
1385793596 1842269447
-1121889392 -1020567853
3599757 665484796
1986682294 665484796
3035140 357998662
1224527442 543110495
99456041 984605322
-1191529098 -2135752763
-1320443773 -2087032515
1985415139 -1191122535
3529808 2000483428
-1448221180 3061122
-1998053154 1496387459
286129762 2095353985
3035140 109302502
665484796 108863838
1666857170 2000483428
2064311162 1270474360
665484796 1509919074
-1971034683 79290
3061122 -1690634473
-193651499 -1789588979
79290 79317863
-2099327584 -1191122535
665484796 3107557
-1998053154 3107557
-2000282856 -2099327584
3599757 -1121889392
-897275839 64487142
1666857170 415212481
65803288 100362833
623388507 -1379067743
1928751643 1224527442
1224527442 1496387459
-1998053154 3061122
358405273 -1020567853
-759416349 1509919074
1509919074 -2135752763
-1448221180 581792104
-659559804 1842269447
1509919074 -759416349
-1020567853 2000483428
109302502 -2000282856
1666857170 451394747
2556577 -2079195781
-2135752763 100362833
555146884 555146884
-2135752763 79290
415212481 1496387459
665484796 1842269447
-1032320176 1969032679
-1320443773 1842269447
1509919074 -1998053154
-1738755902 109302502
2095353985 79317863
1385793596 1367681748
64487142 -104246991
286129762 1496387459
1385793596 543110495
1224527442 -2079195781
1224527442 -1971034683
665484796 1666857170
-1971034683 -984119941
1842269447 1969032679
356067575 1270474360
-1998053154 1270474360
356067575 -1123113148
96558 543110495
1224527442 -1042254559
79317863 2095353985
-1936700685 1799953292
-984119941 -313475659
2000483428 451394747
210278047 1666857170
-1320443773 2000483428
-2087032515 1496387459
1072333400 -1998053154
79317863 2101296
1928751643 -1690634473
356067575 -1042254559
1224527442 286129762
79290 356067575
-1320443773 -1487452608
3599757 -1320443773
79317863 -1971034683
109302502 1842269447
-1332471775 1224527442
3065326 1842269447
2556577 2556577
96558 3061122
-1063584646 -1063584646
1385793596 -1032320176
543110495 3599757
-313475659 -1121889392
1224527442 1224527442
3750178 96558
1842269447 -313475659
64487142 1367681748
659657482 659657482
3599757 1496387459
623388507 -73548211
415212481 1385793596
1496387459 -1320443773
-1020567853 1985415139
1224527442 -2099327584
1842269447 -659559804
-1042254559 1985415139
2039575 108863838
-895561735 -1738755902
1842269447 1224527442
415212481 2000483428
1224527442 -313475659
-2099327584 3599757
1367681748 3750178
984605322 451394747
-895561735 64487142
1072333400 3061122
-1020567853 -1187446711
3035543 3035140
-2099327584 -1998053154
96558 -2135752763
100362833 -1320443773
64487142 -659559804
64487142 -1738755902
-2135752763 581792104
-313475659 -897275839
543110495 99456041
1928751643 -1908743882
665484796 665484796
-895561735 3035543
1224527442 2095353985
623388507 79317863
659657482 2000483428
-2079195781 -1936700685
1985415139 99456041
-1320443773 1496387459
64487142 -73548211
-897275839 -1020567853
-313475659 2095353985
-659559804 451394747
1666857170 1509919074
109302502 1986682294
96558 2000483428
3599757 -1998053154
-1020567853 1799953292
79317863 286129762
415212481 -1042254559
286129762 1985415139
1928751643 99456041
-2135752763 1496387459
1367681748 2095353985
984605322 1842269447
2095353985 -2099327584
1385793596 -2135752763
79317863 659657482
-1320443773 65803288
1367681748 665484796
2039575 -1049330159
1496387459 -2079195781
79317863 1842269447
-193651499 -1998053154
65803288 451394747
1666857170 3061122
-1897902831 79290
356067575 79317863
2095353985 3107557
157375084 665484796
1496387459 79317863
-2099327584 79290
3065326 79317863
984605322 -2000282856
1509919074 108863838
-1936700685 -73548211
-1123113148 -1123113148
-2079195781 1270474360
1496387459 1842269447
-1998053154 -2099327584
79317863 3021222
-2135752763 -1042254559
2064311162 -1049330159
2079921 3750178
-73548211 2556577
3061122 1367681748
1072333400 96558
1969032679 1985415139
2079921 356067575
-759416349 1385793596
1072333400 1367681748
-1191529098 984605322
96558 357998662
-2077388947 69002024
1011056519 1011056519
-1121889392 -659559804
210278047 3061122
-1320443773 -2000282856
1385793596 1385793596
79317863 1986682294
2101296 1224527442
-984119941 108863838
-1448221180 -1448221180
-1049330159 1385793596
665484796 -1936700685
-1320443773 131376442
-1032320176 2000483428
-1063584646 1842269447
1928751643 -1191122535
99456041 -1121889392
1072333400 1985415139
1224527442 99456041
-1971034683 -1971034683
109302502 1981034217
1072333400 665484796
1666857170 -1998053154
1985415139 100362833
-2079195781 1928751643
1509919074 3061122
1985415139 1842269447
-2135752763 1986682294
1986682294 131376442
2039575 1969032679
-73548211 1509919074
1928751643 581792104
-2000282856 1367681748
99456041 -2079195781
99456041 -73548211
-2087032515 -1020567853
100362833 -1998053154
1072333400 131376442
-2079195781 3599757
-313475659 -2000282856
543110495 1496387459
1072333400 -1191529098
1986682294 1224527442
-1690634473 1224527442
555146884 1367681748
357998662 -1191529098
-1020567853 1072333400
100362833 65803288
1270474360 3599757
-1032320176 543110495
1986682294 1842269447
-1191529098 -193651499
1496387459 1986682294
-2000282856 1224527442
3599757 -2079195781
-759416349 -1998053154
-1320443773 665484796
1265341891 3107557
100362833 -659559804
665484796 -2099327584
3065326 1224527442
1842269447 -1897902831
356067575 1367681748
99456041 1969032679
357998662 210278047
-313475659 1986682294
543110495 -1121889392
-1191529098 -1121889392
984605322 109302502
555146884 -659559804
-2000282856 1842269447
1842269447 -1049330159
210278047 -1998053154
109302502 -1998053154
-1448221180 1985415139
794559889 1385793596
-1121889392 -2000282856
-1191529098 1265341891
-1998053154 -1998053154
-659559804 109302502
-1487452608 358405273
-759416349 -2099327584
2000483428 157375084
1928751643 543110495
-1690634473 131376442
-1448221180 543110495
109302502 -1020567853
1666857170 -1789588979
623388507 -1936700685
1496387459 -1121889392
1986682294 1969032679
3065326 -1123113148
1367681748 131376442
1367681748 -2099327584
1224527442 1385793596
1969032679 1969032679
109302502 109302502
-2087032515 2000483428
-1448221180 3035140
1985415139 -2099327584
-984119941 1367681748
-1049330159 -1320443773
286129762 -2000282856
1367681748 -1121889392
659657482 543110495
2095353985 543110495
1385793596 79290
1799953292 1072333400
1666857170 356067575
108863838 1224527442
3107557 1985415139
-2135752763 -1936700685
1265341891 65803288
1224527442 1928751643
-1936700685 451394747
1224527442 3107557
2556577 -1191122535
-2079195781 -2000282856
3750178 1842269447
-1971034683 1496387459
-1191122535 -2000282856
99456041 3061122
3061122 65803288
3061122 96558
2101296 1985415139
-1936700685 2095353985
-2087032515 99456041
1985415139 1270474360
1799953292 79290
-1320443773 2556577
1496387459 2095353985
-73548211 451394747
100362833 1985415139
2000483428 -2087032515
357998662 2000483428
-1998053154 2000483428
2064311162 -2077388947
2000483428 1224527442
543110495 -73548211
1367681748 79290
-1690634473 -1320443773
358405273 543110495
-759416349 -759416349
-816306209 451394747
623388507 -2079195781
65803288 659657482
-759416349 -1032320176
-1020567853 -2000282856
1842269447 1385793596
1496387459 1367681748
-1191529098 1072333400
659657482 1367681748
-1121889392 1986682294
543110495 -1123113148
1367681748 -1789588979
-2135752763 659657482
-1032320176 -1032320176
-1032320176 451394747
3061122 665484796
1842269447 -1971034683
108863838 -2135752763
1224527442 1509919074
-313475659 1224527442
64487142 -1998053154
99456041 -1191529098
-1998053154 1799953292
-2000282856 451394747
-313475659 -2099327584
1985415139 96558
-313475659 -1032320176
1969032679 2064311162
-1032320176 -313475659
210278047 -1320443773
357998662 3750178
-2079195781 1367681748
-1020567853 2095353985
1986682294 3065326
356067575 -1998053154
2039575 -2135752763
2556577 100362833
3750178 1072333400
-1187446711 -1320443773
2556577 3107557
-759416349 3035140
-2135752763 79317863
-984119941 1496387459
1072333400 451394747
1799953292 -1936700685
1270474360 -1121889392
1842269447 -1032320176
1509919074 1367681748
1509919074 109302502
3061122 2000483428
131376442 -1320443773
1496387459 1985415139
3599757 543110495
79317863 131376442
-897275839 96558
-1191122535 -1191122535
99456041 -1320443773
210278047 79317863
108863838 356067575
-2099327584 -2099327584
623388507 2079921
3065326 3035140
543110495 -2099327584
1985415139 3107557
-1032320176 -2135752763
2095353985 -2000282856
2095353985 -1998053154
659657482 356067575
1270474360 1224527442
131376442 3750178
1385793596 2064311162
3035140 -1121889392
3061122 1842269447
581792104 108863838
415212481 1270474360
415212481 1666857170
659657482 -2135752763
3599757 3599757
1799953292 -2135752763
1985415139 286129762
1842269447 1496387459
-1191122535 79290
659657482 665484796
356067575 356067575
-895561735 -897275839
-1998053154 79317863
543110495 -1936700685
-1042254559 1666857170
1799953292 1985415139
1842269447 -1121889392
-1121889392 1985415139
-1998053154 -2079195781
1509919074 1666857170
543110495 131376442
2064311162 2064311162
1509919074 -2099327584
1842269447 1072333400
1842269447 1720966523
-1032320176 109302502
1799953292 1509919074
210278047 1496387459
-1936700685 -1320443773
79290 -1998053154
-1320443773 3035140
2101296 1666857170
-2079195781 1496387459
-659559804 -1320443773
-2099327584 1367681748
1224527442 1072333400
-1042254559 -1936700685
3107557 131376442
69002024 79317863
286129762 99456041
-2135752763 1367681748
99456041 -2087032515
-2099327584 415212481
-73548211 -2087032515
659657482 -2000282856
-313475659 99456041
623388507 1666857170
-1020567853 157375084
-1320443773 451394747
-1063584646 64487142
-313475659 1270474360
99456041 1985415139
1224527442 -73548211
2064311162 -2000282856
1385793596 -1042254559
1072333400 79290
1270474360 356067575
-1448221180 -1187446711
3750178 3061122
659657482 2101296
2000483428 1509919074
-1063584646 356067575
358405273 1072333400
3107557 2556577
-1971034683 79317863
1224527442 3061122
1666857170 -2000282856
109302502 -1191529098
-2000282856 1666857170
-2099327584 -73548211
3061122 -1806972563
665484796 581792104
79317863 3750178
-1998053154 -1121889392
-1063584646 623388507
3061122 -1448221180
-2079195781 -1123113148
-1020567853 -2135752763
-984119941 543110495
415212481 794559889
1799953292 1928751643
-1191529098 -1789588979
356067575 -2000282856
1385793596 1072333400
-2135752763 65803288
100362833 100362833
79317863 543110495
-659559804 543110495
-2079195781 286129762
1986682294 100362833
665484796 -1042254559
3529808 3529808
-1936700685 1224527442
1224527442 109302502
-1998053154 1842269447
543110495 -1320443773
-2099327584 358405273
1842269447 1928751643
3035140 -73548211
-1998053154 -1191122535
-1121889392 1842269447
2000483428 -2079195781
984605322 984605322
99456041 79317863
-313475659 1385793596
1367681748 108863838
659657482 3035140
356067575 79290
-2079195781 1072333400
1385793596 -984119941
286129762 451394747
-1320443773 3599757
356067575 2095353985
-2079195781 623388507
69002024 -1121889392
415212481 1224527442
131376442 543110495
415212481 -1020567853
555146884 -1806972563
1072333400 1986682294
-1121889392 79290
-1998053154 -1063584646
1509919074 451394747
-895561735 1270474360
665484796 451394747
-1806972563 1842269447
79317863 109302502
-1320443773 108863838
356067575 1666857170
1842269447 3061122
1842269447 -2135752763
357998662 -1998053154
-1936700685 -1191122535
100362833 69002024
-2000282856 1072333400
1985415139 108863838
-73548211 1985415139
-1320443773 -1032320176
-1121889392 2000483428
623388507 3061122
-73548211 2039575
3750178 1985415139
-1789588979 1799953292
-1032320176 2039575
-1487452608 1842269447
3035140 100362833
-1123113148 -2135752763
1496387459 -2099327584
-984119941 131376442
96558 -1320443773
1367681748 -2135752763
1799953292 -1320443773
1072333400 -2000282856
1072333400 65803288
543110495 451394747
1969032679 358405273
543110495 -2079195781
131376442 -2000282856
1986682294 581792104
-2135752763 -2135752763
1270474360 1072333400
2556577 2095353985
3750178 1270474360
-1998053154 659657482
358405273 -1971034683
-1187446711 131376442
-1320443773 -1971034683
3035543 3035543
109302502 2064311162
-1121889392 1385793596
-193651499 1981034217
-1032320176 -1042254559
-2000282856 2095353985
1986682294 99456041
1072333400 1799953292
3529808 358405273
-1020567853 -1971034683
100362833 1981034217
1224527442 -1032320176
157375084 -1191529098
-1187446711 108863838
1367681748 1986682294
79317863 1385793596
665484796 1928751643
79317863 -1897902831
96558 -897275839
1072333400 1842269447
3061122 -1032320176
1969032679 -1032320176
3061122 -2000282856
-1191529098 100362833
64487142 3035543
131376442 1842269447
3035543 -1897902831
3107557 108863838
1666857170 -1042254559
-1191529098 99456041
2095353985 -1936700685
3035140 65803288
-1191529098 1666857170
1985415139 2556577
1509919074 2000483428
3061122 79290
2064311162 131376442
-2000282856 -1032320176
1842269447 1270474360
157375084 1842269447
1799953292 1986682294
2039575 356067575
-1187446711 109302502
-1020567853 -1320443773
3061122 131376442
3061122 286129762
-897275839 -2079195781
-1789588979 1666857170
3599757 99456041
-1049330159 79317863
-2079195781 -1690634473
65803288 3061122
543110495 1270474360
64487142 -1897902831
1509919074 210278047
69002024 2064311162
1985415139 -2000282856
109302502 65803288
-1187446711 -1187446711
1985415139 -193651499
581792104 1666857170
543110495 65803288
-1998053154 -1936700685
-73548211 1270474360
1509919074 1385793596
1385793596 -193651499
-1049330159 1799953292
-1320443773 -1042254559
-73548211 2079921
1969032679 1986682294
79290 1072333400
665484796 -1998053154
1265341891 -1738755902
357998662 1509919074
-2077388947 1224527442
1969032679 984605322
-1998053154 1072333400
1270474360 -193651499
358405273 -1042254559
794559889 99456041
210278047 1842269447
-2000282856 -1063584646
1985415139 -1998053154
-2079195781 -2099327584
-1191122535 -1897902831
-895561735 -2135752763
3750178 79317863
-1971034683 1224527442
-659559804 1969032679
3599757 96558
623388507 984605322
2101296 -1936700685
3107557 2095353985
79317863 79290
-897275839 984605322
-313475659 -1123113148
1385793596 356067575
-1191529098 451394747
3035543 79290
79317863 -73548211
1928751643 79317863
1842269447 109302502
1367681748 358405273
-2000282856 79317863
1969032679 109302502
1842269447 3599757
-1191529098 357998662
-1320443773 1986682294
3035140 1799953292
451394747 -1998053154
1496387459 1496387459
1666857170 -759416349
1842269447 -193651499
-1690634473 -1690634473
-1936700685 1985415139
79317863 210278047
-1908743882 -1020567853
1986682294 2064311162
-1998053154 -73548211
665484796 -1320443773
2095353985 3061122
-1998053154 79290
99456041 -1998053154
2095353985 1385793596
581792104 1985415139
1799953292 543110495
99456041 1270474360
108863838 -313475659
-1936700685 3021222
581792104 -2099327584
-1032320176 79317863
-1320443773 -1690634473
581792104 1842269447
65803288 623388507
1224527442 -2077388947
1666857170 1985415139
108863838 1072333400
3035140 543110495
-2079195781 -73548211
-1042254559 1509919074
-193651499 -1191529098
1928751643 -1320443773
-2135752763 358405273
1072333400 2095353985
-73548211 1666857170
-1191529098 -2000282856
79317863 1666857170
1367681748 1224527442
79290 3061122
-1049330159 -1032320176
-1187446711 659657482
-2099327584 286129762
-2135752763 1224527442
2101296 659657482
79317863 3061122
-73548211 -1020567853
-1738755902 2556577
79290 1986682294
2064311162 1969032679
99456041 131376442
-1121889392 1072333400
-1121889392 451394747
286129762 1270474360
-2135752763 286129762
64487142 1842269447
1270474360 3061122
-2079195781 -1032320176
1385793596 581792104
-1049330159 2039575
1928751643 -2079195781
1928751643 1928751643
-1121889392 131376442
-1487452608 -1320443773
79317863 -1448221180
543110495 665484796
357998662 -313475659
64487142 -2077388947
-1121889392 1224527442
3107557 1666857170
-2099327584 -1897902831
356067575 1985415139
-1998053154 1986682294
-73548211 -73548211
-1998053154 -1032320176
-2087032515 -1998053154
543110495 -1020567853
-1187446711 -313475659
581792104 1986682294
2079921 -1123113148
-1187446711 -1998053154
1224527442 1842269447
-1936700685 1367681748
-313475659 -1320443773
-659559804 -1936700685
1509919074 1842269447
-313475659 79290
131376442 3061122
3061122 -1191122535
-1187446711 -1020567853
-1897902831 -1191122535
623388507 3021222
-1032320176 1385793596
1928751643 -1897902831
1666857170 1385793596
1986682294 109302502
543110495 -1042254559
623388507 -1020567853
-759416349 -1320443773
-1042254559 108863838
3035543 356067575
2095353985 3065326
415212481 451394747
99456041 1986682294
1270474360 1986682294
2064311162 1985415139
357998662 1799953292
1224527442 -1789588979
69002024 -2135752763
-759416349 -313475659
623388507 1270474360
1496387459 356067575
286129762 1842269447
2039575 -73548211
-1971034683 1509919074
1011056519 99456041
3035140 1509919074
79317863 451394747
1509919074 1509919074
-816306209 -816306209
79317863 1496387459
-897275839 3599757
1224527442 1270474360
-659559804 -1020567853
99456041 1496387459
1969032679 100362833
543110495 2000483428
594938143 -1897902831
96558 1842269447
1986682294 357998662
65803288 1509919074
358405273 3035140
358405273 555146884
-895561735 -1123113148
1385793596 -1020567853
665484796 1072333400
3529808 1224527442
1496387459 3061122
3750178 -897275839
623388507 -1121889392
659657482 99456041
-759416349 1224527442
-1020567853 -897275839
1842269447 -1320443773
1224527442 -1690634473
1224527442 2556577
-1191529098 -1191529098
1496387459 659657482
-1320443773 1799953292
-2099327584 1224527442
-2000282856 623388507
357998662 79317863
356067575 -1320443773
-2079195781 1666857170
3107557 79290
543110495 -193651499
356067575 555146884
1496387459 1270474360
-1320443773 543110495
-2087032515 79317863
69002024 -2077388947
2039575 1509919074
623388507 -1042254559
-1936700685 665484796
-659559804 3061122
1072333400 1496387459
286129762 -2079195781
-1191529098 108863838
-1042254559 -2099327584
210278047 -2087032515
2095353985 1270474360
-2000282856 -1320443773
3061122 -1320443773
623388507 -1123113148
-313475659 65803288
-1187446711 1666857170
1799953292 -659559804
1072333400 3035140
1224527442 1666857170
108863838 1799953292
64487142 -193651499
131376442 79317863
109302502 1224527442
-1320443773 555146884
-104246991 -104246991
-1690634473 3065326
100362833 99456041
69002024 1496387459
358405273 3750178
-313475659 543110495
-2000282856 -2079195781
1986682294 1981034217
-2135752763 3061122
581792104 -1448221180
623388507 2064311162
79317863 1799953292
-2099327584 451394747
3061122 623388507
1224527442 581792104
108863838 3599757
79317863 -1320443773
-313475659 357998662
-73548211 1799953292
3061122 -1020567853
1981034217 2064311162
-2135752763 69002024
543110495 3750178
3529808 65803288
-895561735 1842269447
-2087032515 -2087032515
1385793596 794559889
3035140 -193651499
3065326 -2079195781
-313475659 -984119941
210278047 108863838
543110495 3035140
356067575 1799953292
1385793596 -659559804
-2135752763 -897275839
-984119941 -1042254559
3035140 -1020567853
64487142 79290
79290 -1121889392
358405273 -1998053154
1509919074 2064311162
1509919074 1496387459
1842269447 1799953292
1969032679 -1320443773
1509919074 543110495
210278047 210278047
-1998053154 -2000282856
-1971034683 543110495
-1971034683 1842269447
-1042254559 543110495
-1042254559 -2087032515
1986682294 3599757
1666857170 286129762
-2000282856 108863838
-2135752763 -1897902831
100362833 3035140
-2079195781 -1320443773
-2135752763 451394747
1270474360 2095353985
1496387459 109302502
3061122 2095353985
-313475659 -1448221180
-1121889392 -2079195781
1224527442 -1123113148
-313475659 -1063584646
-1690634473 1367681748
3065326 65803288
3107557 -2079195781
-1971034683 -1032320176
-73548211 543110495
1842269447 2039575
555146884 1224527442
1224527442 1985415139
623388507 -2000282856
-659559804 1270474360
96558 1072333400
-1123113148 108863838
1385793596 1799953292
543110495 -1998053154
659657482 -73548211
-1063584646 131376442
3035140 3061122
-1020567853 1842269447
79317863 -1936700685
984605322 -897275839
3599757 108863838
1842269447 157375084
1270474360 1985415139
2039575 3035140
-1897902831 1799953292
543110495 415212481
415212481 -1971034683
-193651499 99456041
1224527442 -1121889392
-193651499 3035140
1928751643 794559889
-313475659 79317863
-1936700685 79317863
-2000282856 -1121889392
555146884 1842269447
3061122 3035140
984605322 100362833
1985415139 -1448221180
131376442 131376442
594938143 3529808
-1908743882 1928751643
659657482 65803288
-984119941 -2099327584
3599757 1367681748
-1690634473 3061122
1496387459 -1020567853
-1897902831 108863838
1496387459 -659559804
1385793596 1509919074
1385793596 2000483428
131376442 -193651499
1496387459 1072333400
100362833 1969032679
415212481 79317863
-1032320176 1985415139
358405273 1367681748
543110495 2095353985
64487142 -897275839
99456041 659657482
96558 -1971034683
1986682294 2556577
357998662 -659559804
-2000282856 -1042254559
1224527442 1981034217
286129762 665484796
-2000282856 1799953292
-313475659 -759416349
543110495 -1971034683
79317863 -193651499
-897275839 79317863
543110495 -1897902831
1224527442 100362833
984605322 -1191529098
3599757 -2099327584
1509919074 2101296
659657482 1842269447
-2000282856 543110495
1842269447 659657482
2095353985 -1020567853
-1042254559 3061122
109302502 99456041
1270474360 79290
2000483428 415212481
131376442 1367681748
210278047 2000483428
1985415139 79290
-659559804 2101296
-1320443773 -1936700685
665484796 -2079195781
-1042254559 -1971034683
3065326 1986682294
-1448221180 1224527442
79290 131376442
-1320443773 -897275839
-1032320176 -1191529098
286129762 543110495
1367681748 451394747
-1971034683 108863838
3065326 64487142
-897275839 69002024
