-2000282856 -1897902831
3599757 -1897902831
1985415139 -1897902831
-1191122535 -1897902831
1799953292 -1897902831
-1998053154 -1897902831
79290 -1897902831
451394747 -1897902831
1799953292 79290
-2135752763 79290
3599757 79290
-313475659 79290
2095353985 79290
665484796 79290
-1936700685 79290
1986682294 79290
-2079195781 79290
451394747 79290
108863838 79290
1928751643 79290
623388507 79290
-1121889392 79290
-2000282856 79290
356067575 79290
-1379067743 79290
131376442 79290
-1191529098 79290
1270474360 79290
1496387459 79290
286129762 79290
-73548211 79290
79317863 79290
-1998053154 79290
3529808 79290
794559889 79290
1985415139 79290
-1191122535 79290
-2099327584 79290
1367681748 79290
3061122 79290
1224527442 79290
-1897902831 79290
2101296 108863838
-1487452608 108863838
1842269447 108863838
210278047 108863838
-1049330159 108863838
2556577 108863838
623388507 108863838
-1123113148 108863838
96558 108863838
-1121889392 108863838
1072333400 108863838
-1448221180 108863838
2064311162 108863838
794559889 108863838
109302502 108863838
99456041 108863838
2039575 108863838
3750178 108863838
1666857170 108863838
-897275839 108863838
-104246991 108863838
3035140 108863838
3065326 108863838
-1332471775 108863838
-1191529098 108863838
-2099327584 108863838
-1187446711 108863838
-2087032515 108863838
-1020567853 108863838
451394747 108863838
3599757 108863838
1985415139 108863838
-2079195781 108863838
-2000282856 108863838
-659559804 108863838
79290 108863838
-73548211 108863838
1969032679 108863838
-1042254559 108863838
-2135752763 108863838
555146884 108863838
3061122 108863838
665484796 108863838
543110495 108863838
3107557 108863838
-313475659 108863838
-1320443773 108863838
2095353985 108863838
-1936700685 108863838
-1191122535 108863838
1367681748 108863838
131376442 108863838
1496387459 108863838
-1690634473 108863838
1799953292 108863838
-1998053154 108863838
1224527442 108863838
79317863 108863838
356067575 108863838
-1320443773 -104246991
-2099327584 -104246991
-1123113148 -104246991
357998662 -104246991
356067575 -104246991
108863838 -104246991
-2079195781 -104246991
131376442 -104246991
1509919074 -104246991
-1971034683 -104246991
96558 -104246991
100362833 -104246991
210278047 -104246991
-1897902831 -104246991
665484796 -104246991
623388507 -104246991
1799953292 -104246991
-1998053154 -104246991
1072333400 -104246991
-1690634473 -104246991
-1020567853 -104246991
-2135752763 -104246991
-73548211 -104246991
2064311162 -104246991
79290 -104246991
-1020567853 -1123113148
1367681748 -1123113148
1986682294 -1123113148
555146884 -1123113148
-2079195781 -1123113148
3061122 -1123113148
-104246991 -1123113148
1666857170 -1123113148
131376442 -1123113148
356067575 -1123113148
-1320443773 -1123113148
-2099327584 -1123113148
100362833 -1123113148
-2077388947 -1123113148
1985415139 -1123113148
2079921 -1123113148
108863838 -1123113148
-1897902831 -1123113148
2064311162 -1123113148
3035140 -1123113148
-1998053154 -1123113148
-1121889392 -1123113148
1224527442 -1123113148
2039575 -1123113148
-2087032515 -1123113148
-2135752763 -1123113148
99456041 -1123113148
1799953292 -1123113148
79290 -1123113148
-1332471775 623388507
-104246991 623388507
840807203 623388507
3529808 623388507
594938143 623388507
659657482 623388507
-1032320176 623388507
1509919074 623388507
-1971034683 623388507
543110495 623388507
79317863 623388507
157375084 623388507
-1187446711 623388507
-1448221180 623388507
358405273 623388507
2556577 623388507
3107557 623388507
-1049330159 623388507
-1487452608 623388507
1720966523 623388507
794559889 623388507
2604503 623388507
-1690634473 623388507
2101296 623388507
-1320443773 623388507
1928751643 623388507
210278047 623388507
286129762 623388507
357998662 623388507
3599757 623388507
2614668 623388507
984605322 623388507
-659559804 623388507
109302502 623388507
-895561735 623388507
2000483428 623388507
2039575 623388507
-313475659 623388507
65803288 623388507
64487142 623388507
2079921 623388507
-759416349 623388507
-2087032515 623388507
1985415139 623388507
-984119941 623388507
108863838 623388507
-1738755902 623388507
-1789588979 623388507
1799953292 623388507
665484796 623388507
1986682294 623388507
1496387459 623388507
-1379067743 623388507
131376442 623388507
1224527442 623388507
-1042254559 623388507
3021222 623388507
-1063584646 623388507
-2000282856 623388507
-1998053154 623388507
1270474360 623388507
1720966523 356067575
69002024 356067575
-1332471775 356067575
-659559804 356067575
-1123113148 356067575
1666857170 356067575
-104246991 356067575
-1690634473 356067575
65803288 356067575
2039575 356067575
3750178 356067575
1224527442 356067575
1799953292 356067575
-984119941 356067575
-1042254559 356067575
1842269447 356067575
-73548211 356067575
1509919074 356067575
79317863 356067575
-1971034683 356067575
99456041 356067575
594938143 356067575
108863838 356067575
984605322 356067575
1265341891 356067575
1496387459 356067575
-1936700685 356067575
1985415139 356067575
96558 356067575
-2079195781 356067575
555146884 356067575
79290 356067575
-1908743882 356067575
-2077388947 356067575
3061122 356067575
131376442 356067575
-1897902831 356067575
-1042254559 555146884
-1123113148 555146884
1496387459 555146884
-1487452608 555146884
-1320443773 555146884
108863838 555146884
65803288 555146884
-659559804 555146884
2604503 555146884
2039575 555146884
-1971034683 555146884
79290 555146884
79317863 555146884
357998662 555146884
356067575 555146884
3035140 555146884
1799953292 555146884
-1332471775 555146884
-2087032515 555146884
286129762 555146884
1720966523 555146884
-1806972563 555146884
99456041 555146884
2064311162 555146884
-1191529098 555146884
-1738755902 451394747
1928751643 451394747
-1123113148 451394747
64487142 451394747
210278047 451394747
1969032679 451394747
108863838 451394747
2101296 451394747
2604503 451394747
2079921 451394747
-1379067743 451394747
-984119941 451394747
-2087032515 451394747
1509919074 451394747
2556577 451394747
357998662 451394747
2000483428 451394747
109302502 451394747
543110495 451394747
-1063584646 451394747
594938143 451394747
286129762 451394747
79317863 451394747
-1971034683 451394747
1985415139 451394747
-1032320176 451394747
79290 451394747
-895561735 451394747
984605322 451394747
-1049330159 451394747
1496387459 451394747
358405273 -2000282856
415212481 -2000282856
-895561735 -2000282856
1509919074 -2000282856
2039575 -2000282856
96558 -2000282856
-313475659 -2000282856
-1806972563 -2000282856
2000483428 -2000282856
2101296 -2000282856
-1448221180 -2000282856
-2087032515 -2000282856
210278047 -2000282856
-104246991 -2000282856
-1123113148 -2000282856
665484796 -2000282856
1799953292 -2000282856
2064311162 -2000282856
-897275839 -2000282856
-1332471775 -2000282856
-1191529098 -2000282856
2604503 -2000282856
-984119941 -2000282856
2556577 -2000282856
109302502 -2000282856
-1121889392 -2000282856
-1690634473 -2000282856
1842269447 -2000282856
-1042254559 -2000282856
-1789588979 -2000282856
-1020567853 -2000282856
-1032320176 -2000282856
555146884 -2000282856
659657482 -2000282856
108863838 -2000282856
1928751643 -2000282856
-1320443773 -2000282856
623388507 -2000282856
1385793596 -2000282856
2079921 -2000282856
543110495 -2000282856
65803288 -2000282856
-1971034683 -2000282856
79290 -2000282856
-1320443773 -1191122535
1496387459 -1191122535
1799953292 -1191122535
108863838 -1191122535
1224527442 -1191122535
96558 -1191122535
357998662 -1191122535
79290 -1191122535
1985415139 -1191122535
79317863 1224527442
-2079195781 1224527442
3035140 1224527442
794559889 1224527442
-1123113148 1224527442
-1191122535 1224527442
1509919074 1224527442
-895561735 2095353985
358405273 2095353985
1928751643 2095353985
543110495 2095353985
-1032320176 2095353985
-1332471775 2095353985
1969032679 2095353985
69002024 2095353985
1072333400 2095353985
-2087032515 2095353985
-1690634473 2095353985
79317863 2095353985
65803288 2095353985
2101296 2095353985
210278047 2095353985
109302502 2095353985
1799953292 2095353985
108863838 2095353985
1224527442 3107557
-1187446711 3107557
-1123113148 3107557
-759416349 3107557
3035140 3107557
286129762 3107557
-897275839 3107557
-1121889392 3107557
1928751643 3107557
-659559804 3107557
-1971034683 3061122
357998662 3061122
2101296 3061122
984605322 3061122
64487142 3061122
-984119941 3061122
1509919074 3061122
-1123113148 3061122
-1806972563 3061122
-1187446711 3061122
1928751643 3061122
-104246991 3061122
2000483428 3061122
-897275839 3061122
1385793596 3061122
-1032320176 3061122
-1320443773 3061122
1842269447 3061122
-313475659 3061122
1985415139 3061122
108863838 3061122
210278047 3061122
65803288 3061122
-1690634473 3061122
286129762 3061122
-2087032515 3061122
543110495 3061122
79317863 3061122
1496387459 3061122
79290 3061122
-1332471775 1496387459
99456041 1496387459
-1320443773 1496387459
-1032320176 1496387459
1842269447 1496387459
3107557 1496387459
555146884 1496387459
3599757 1496387459
96558 1496387459
210278047 1496387459
-1690634473 1496387459
357998662 1496387459
2064311162 1496387459
-897275839 1496387459
2556577 1496387459
-313475659 1496387459
-1121889392 1496387459
109302502 1496387459
623388507 1496387459
-2135752763 1496387459
1072333400 1496387459
1270474360 1496387459
-1789588979 1496387459
1986682294 1496387459
-1738755902 1496387459
-1020567853 1496387459
-1042254559 1496387459
665484796 1496387459
-2079195781 1496387459
108863838 1496387459
-984119941 1496387459
1367681748 1496387459
1385793596 1496387459
1985415139 1496387459
-2087032515 1496387459
1799953292 1496387459
286129762 1496387459
-759416349 1496387459
69002024 1496387459
3061122 1496387459
-1971034683 1496387459
-1908743882 1496387459
356067575 1496387459
-1936700685 1496387459
-1998053154 1496387459
-1332471775 543110495
-1020567853 543110495
659657482 543110495
-2077388947 543110495
69002024 543110495
108863838 543110495
3035140 543110495
1509919074 543110495
623388507 543110495
-2135752763 543110495
984605322 543110495
2064311162 543110495
-659559804 543110495
65803288 543110495
-1032320176 543110495
100362833 543110495
-313475659 543110495
-1448221180 543110495
131376442 543110495
581792104 543110495
1072333400 543110495
3750178 543110495
358405273 543110495
-193651499 543110495
794559889 543110495
2101296 543110495
1842269447 543110495
-1806972563 543110495
1928751643 543110495
-1063584646 543110495
-816306209 543110495
2604503 543110495
2079921 543110495
-1379067743 543110495
3021222 543110495
-1121889392 543110495
2000483428 543110495
286129762 543110495
357998662 543110495
96558 543110495
1981034217 543110495
1666857170 543110495
-1690634473 543110495
1270474360 543110495
1985415139 543110495
-1191529098 543110495
-2087032515 543110495
99456041 543110495
451394747 543110495
-897275839 543110495
-984119941 543110495
2101296 665484796
2000483428 665484796
659657482 665484796
99456041 665484796
-659559804 665484796
-1191529098 665484796
1720966523 665484796
555146884 665484796
-73548211 665484796
623388507 665484796
1666857170 665484796
-1121889392 665484796
-2087032515 665484796
-1379067743 665484796
-1123113148 665484796
-759416349 665484796
-2000282856 665484796
-1690634473 665484796
-104246991 665484796
-1806972563 665484796
96558 665484796
210278047 665484796
1985415139 665484796
2064311162 665484796
-897275839 665484796
1509919074 665484796
-313475659 665484796
108863838 665484796
3035140 665484796
-1020567853 665484796
-1998053154 665484796
1928751643 665484796
286129762 665484796
1496387459 665484796
1799953292 665484796
-1042254559 665484796
594938143 665484796
79317863 665484796
69002024 -450740129
-984119941 1072333400
2101296 1072333400
-895561735 1072333400
2000483428 1072333400
108863838 1072333400
-1379067743 1072333400
-1187446711 1072333400
-1123113148 1072333400
-659559804 1072333400
-104246991 1072333400
-1049330159 1072333400
210278047 1072333400
109302502 1072333400
-1032320176 1072333400
2556577 1072333400
-313475659 1072333400
-1971034683 1072333400
-1320443773 1072333400
1985415139 1072333400
-1998053154 1072333400
1496387459 1072333400
543110495 1072333400
1928751643 1072333400
1986682294 1072333400
157375084 -1936700685
1509919074 -1936700685
2000483428 -1936700685
-1042254559 -1936700685
-1690634473 -1936700685
-2087032515 -1936700685
-759416349 -1936700685
-897275839 -1936700685
2064311162 -1936700685
1985415139 -1936700685
108863838 -1936700685
-313475659 -1936700685
-2079195781 -1936700685
623388507 -1936700685
-1998053154 -1936700685
1072333400 -1936700685
79317863 -1936700685
1986682294 -1936700685
-73548211 -1936700685
-1032320176 -1936700685
2095353985 -1936700685
-1320443773 -1936700685
1270474360 -1936700685
1842269447 -1936700685
131376442 -1936700685
665484796 -1936700685
-2000282856 -1936700685
-1191122535 -1936700685
1799953292 -1936700685
-2099327584 -1936700685
286129762 -1936700685
99456041 -1936700685
1496387459 -1936700685
1224527442 -1936700685
79290 -1936700685
1367681748 -1936700685
157375084 3599757
415212481 3599757
79317863 3599757
100362833 3599757
-1690634473 3599757
-2087032515 3599757
3750178 3599757
2000483428 3599757
99456041 3599757
665484796 3599757
210278047 3599757
1799953292 3599757
543110495 3599757
3061122 3599757
1496387459 3599757
-1121889392 3599757
-1032320176 3599757
-1020567853 3599757
623388507 3599757
555146884 3599757
108863838 3599757
1842269447 3599757
-73548211 3599757
-1320443773 3599757
-897275839 3599757
2556577 3599757
-1789588979 3599757
-313475659 3599757
65803288 3599757
79290 3599757
-1042254559 3599757
-1191529098 3599757
1985415139 3599757
357998662 3599757
1986682294 3599757
286129762 3599757
2064311162 3599757
1072333400 3599757
157375084 1985415139
2000483428 1985415139
100362833 1985415139
1981034217 1985415139
-895561735 1985415139
-1123113148 1985415139
659657482 1985415139
1666857170 1985415139
665484796 1985415139
1842269447 1985415139
64487142 1985415139
-984119941 1985415139
96558 1985415139
65803288 1985415139
623388507 1985415139
-1049330159 1985415139
210278047 1985415139
-1320443773 1985415139
3107557 1985415139
-659559804 1985415139
-1020567853 1985415139
-897275839 1985415139
-1332471775 1985415139
-313475659 1985415139
3061122 1985415139
357998662 1985415139
108863838 1985415139
2556577 1985415139
2101296 1985415139
-1032320176 1985415139
3035140 1985415139
-1121889392 1985415139
1928751643 1985415139
1509919074 1985415139
109302502 1985415139
543110495 1985415139
3750178 1985415139
-1690634473 1985415139
-1448221180 1985415139
-2135752763 1985415139
594938143 1985415139
1270474360 1985415139
-1738755902 1985415139
-984119941 1986682294
581792104 1986682294
1509919074 1986682294
108863838 1986682294
594938143 1986682294
-1020567853 1986682294
210278047 1986682294
3599757 1986682294
555146884 1986682294
-104246991 1986682294
-1123113148 1986682294
96558 1986682294
-1690634473 1986682294
-897275839 1986682294
2556577 1986682294
-1121889392 1986682294
1799953292 1986682294
-73548211 1986682294
-1320443773 1986682294
-313475659 1986682294
623388507 1986682294
3035140 1986682294
-2087032515 1986682294
357998662 1986682294
543110495 1986682294
-659559804 1986682294
3065326 1986682294
1072333400 1986682294
109302502 1986682294
64487142 1986682294
-1032320176 1986682294
1224527442 1986682294
1496387459 1986682294
-2079195781 1986682294
3750178 1986682294
-1042254559 1986682294
1385793596 1986682294
286129762 1986682294
79317863 1986682294
-1936700685 1986682294
984605322 1986682294
-1971034683 1986682294
-1897902831 1986682294
79290 1986682294
1985415139 1986682294
1969032679 1986682294
-1998053154 1986682294
1985415139 -2077388947
1496387459 -2077388947
1799953292 -2077388947
79290 -2077388947
2079921 -2077388947
286129762 -2077388947
358405273 -2077388947
99456041 -2077388947
131376442 -2077388947
-1936700685 -2077388947
-1789588979 -2077388947
-1897902831 -2077388947
65803288 -2077388947
-1806972563 -2077388947
-1123113148 -2099327584
-104246991 -2099327584
1509919074 -2099327584
-895561735 -2099327584
-1042254559 -2099327584
-1690634473 -2099327584
-313475659 -2099327584
108863838 -2099327584
-897275839 -2099327584
1928751643 -2099327584
99456041 -2099327584
543110495 -2099327584
286129762 -2099327584
-2087032515 -2099327584
79317863 -2099327584
1496387459 -2099327584
-1487452608 -1998053154
2039575 -1998053154
-104246991 -1998053154
-1187446711 -1998053154
-1971034683 -1998053154
100362833 -1032320176
2101296 -1032320176
-659559804 -1032320176
109302502 -1032320176
108863838 -1032320176
2095353985 -1032320176
2064311162 -1032320176
-1020567853 -1032320176
-897275839 -1032320176
-1332471775 -1032320176
-313475659 -1032320176
99456041 -1032320176
1969032679 -1032320176
2039575 -1032320176
1270474360 -2135752763
-1936700685 -2135752763
984605322 -2135752763
-1049330159 -2135752763
-1332471775 -2135752763
2101296 -2135752763
1928751643 -2135752763
-1379067743 -2135752763
1265341891 -2135752763
840807203 -2135752763
-816306209 -2135752763
2039575 -2135752763
157375084 -2135752763
-1187446711 -2135752763
-1487452608 -2135752763
-1738755902 -2135752763
2604503 -2135752763
1720966523 -2135752763
2556577 -2135752763
358405273 -2135752763
-104246991 -2135752763
-659559804 -2135752763
109302502 -2135752763
415212481 1270474360
96558 1270474360
-895561735 1270474360
157375084 1270474360
-1063584646 1270474360
665484796 1270474360
-1738755902 1270474360
-1187446711 1270474360
2064311162 1270474360
-1020567853 1270474360
-897275839 1270474360
-1332471775 1270474360
2556577 1270474360
-313475659 1270474360
-193651499 1270474360
99456041 1270474360
-1121889392 1270474360
3035140 1270474360
-1320443773 1270474360
543110495 1270474360
-1690634473 1270474360
-73548211 1270474360
1985415139 1270474360
-1042254559 1270474360
286129762 1270474360
1496387459 1270474360
79317863 1270474360
-1191529098 1270474360
1799953292 1270474360
1666857170 1270474360
79290 1270474360
-1897902831 1270474360
581792104 1270474360
-1789588979 1270474360
-2077388947 1270474360
-2087032515 1367681748
-1032320176 1367681748
-193651499 1367681748
210278047 1367681748
555146884 1367681748
-1123113148 1367681748
-1379067743 1367681748
-1690634473 1367681748
2064311162 1367681748
-1320443773 1367681748
-313475659 1367681748
2556577 1367681748
108863838 1367681748
1496387459 1367681748
1799953292 1367681748
286129762 1367681748
543110495 1367681748
1985415139 1367681748
1842269447 1367681748
79317863 1367681748
79290 1367681748
665484796 1367681748
65803288 1367681748
2079921 1367681748
594938143 -1121889392
210278047 -1121889392
-984119941 -1121889392
-1379067743 -1121889392
-1789588979 -1121889392
3035140 -1121889392
79290 -1121889392
108863838 -1121889392
-1123113148 -1121889392
3065326 -1121889392
555146884 -1121889392
-1690634473 -1121889392
1985415139 -1121889392
-313475659 -1121889392
-1032320176 -1121889392
543110495 -1121889392
1496387459 -1121889392
794559889 -1121889392
2101296 -1121889392
-1042254559 -2079195781
-1379067743 -2079195781
2039575 -2079195781
-1032320176 -2079195781
-1123113148 -2079195781
-659559804 -2079195781
415212481 -2079195781
-1738755902 -2079195781
-104246991 -2079195781
-1806972563 -2079195781
-1187446711 -2079195781
-73548211 -2079195781
210278047 -2079195781
665484796 -2079195781
-2087032515 -2079195781
2000483428 -2079195781
-1049330159 -2079195781
286129762 -2079195781
2064311162 -2079195781
-1020567853 -2079195781
-1332471775 -2079195781
65803288 -2079195781
108863838 -2079195781
-1690634473 -2079195781
1265341891 -2079195781
2556577 -2079195781
555146884 -2079195781
1928751643 -2079195781
3035140 -2079195781
623388507 -2079195781
1985415139 -2079195781
2101296 -2079195781
-1320443773 -2079195781
-1998053154 -2079195781
-2135752763 -2079195781
1986682294 -2079195781
543110495 -2079195781
1799953292 -2079195781
-1971034683 -2079195781
131376442 -2079195781
-313475659 -2079195781
3750178 -2079195781
-1191529098 -2079195781
79317863 -2079195781
1496387459 -2079195781
79290 -2079195781
286129762 -1690634473
-1332471775 -1690634473
79317863 -1690634473
-2087032515 -1690634473
-1379067743 -1690634473
-104246991 -1690634473
1666857170 -1690634473
358405273 -1690634473
1509919074 -1690634473
-1042254559 -1690634473
-73548211 -1690634473
96558 -1690634473
3599757 -1690634473
1072333400 -1690634473
-897275839 -1690634473
210278047 -1690634473
1799953292 -1690634473
-313475659 -1690634473
-1020567853 -1690634473
-2099327584 -1690634473
1928751643 -1690634473
3035140 -1690634473
-1121889392 -1690634473
2101296 -1690634473
-1998053154 -1690634473
-2079195781 -1690634473
-1971034683 -1690634473
3750178 -1690634473
543110495 -1690634473
108863838 -1690634473
-2135752763 -1690634473
-1936700685 -1690634473
1496387459 -1690634473
3061122 -1690634473
-1032320176 -1690634473
623388507 -1690634473
555146884 -1690634473
356067575 -1690634473
1720966523 -1690634473
-1320443773 -1690634473
794559889 -1690634473
1985415139 -1690634473
-1897902831 -1690634473
1986682294 -1690634473
-1063584646 -1320443773
794559889 -1320443773
3529808 -1320443773
-1908743882 -1320443773
-960224737 -1320443773
659657482 -1320443773
415212481 -1320443773
-984119941 -1320443773
-1971034683 -1320443773
2000483428 -1320443773
286129762 -1320443773
357998662 -1320443773
1981034217 -1320443773
984605322 -1320443773
1969032679 -1320443773
99456041 -1320443773
-1738755902 -1320443773
840807203 -1320443773
2604503 -1320443773
2079921 -1320443773
3021222 -1320443773
2039575 -1320443773
2614668 -1320443773
-895561735 -1320443773
594938143 -1320443773
157375084 -1320443773
-2087032515 -1320443773
-1379067743 -1320443773
-1123113148 -1320443773
108863838 -1320443773
-104246991 -1320443773
210278047 -1320443773
96558 -1320443773
3599757 -1320443773
109302502 -1320443773
-659559804 -1320443773
2556577 -1320443773
1509919074 -1320443773
-1049330159 -1320443773
1985415139 -1320443773
-1191529098 -1320443773
2064311162 -1320443773
100362833 -1320443773
1011056519 -1320443773
543110495 -1320443773
3750178 -1320443773
-1187446711 -1320443773
-1487452608 -1320443773
358405273 -1320443773
1666857170 -1320443773
-193651499 -1320443773
1072333400 -1320443773
-1448221180 -1320443773
-1806972563 -1320443773
1928751643 -1320443773
-1020567853 -1320443773
-1971034683 1842269447
-1032320176 1842269447
543110495 1842269447
1969032679 1842269447
1985415139 1842269447
2556577 1842269447
65803288 1842269447
1720966523 1842269447
2604503 1842269447
2079921 1842269447
-1379067743 1842269447
2039575 1842269447
-1123113148 1842269447
-895561735 1842269447
108863838 1842269447
1928751643 1842269447
-2000282856 1842269447
-1049330159 1842269447
-897275839 1842269447
357998662 1842269447
-659559804 1842269447
-816306209 -313475659
-1908743882 -313475659
-1487452608 -313475659
594938143 -313475659
-1049330159 -313475659
984605322 -313475659
1969032679 -313475659
840807203 -313475659
794559889 -313475659
3529808 -313475659
2039575 -313475659
-1971034683 -313475659
415212481 -313475659
358405273 -313475659
2101296 -313475659
1720966523 -313475659
-895561735 -313475659
2000483428 -313475659
-1738755902 -313475659
2604503 -313475659
69002024 -313475659
-2087032515 -313475659
1981034217 -313475659
3035543 -313475659
286129762 -313475659
3021222 -313475659
-1789588979 -313475659
3065326 -313475659
1265341891 -313475659
3599757 -313475659
96558 -313475659
109302502 -313475659
-897275839 -313475659
-1123113148 -313475659
581792104 -313475659
2556577 -313475659
210278047 -313475659
3107557 -313475659
-1332471775 -313475659
-1191529098 -313475659
3750178 -313475659
-2000282856 -313475659
99456041 -313475659
-984119941 -313475659
100362833 -313475659
665484796 -313475659
-1379067743 -313475659
-193651499 -313475659
-1032320176 -313475659
-1063584646 -313475659
356067575 -313475659
1666857170 -313475659
1072333400 -313475659
2064311162 -313475659
-1020567853 -313475659
-1187446711 -313475659
3061122 -313475659
108863838 -313475659
1799953292 -313475659
1928751643 -313475659
357998662 -313475659
623388507 -313475659
3035140 -313475659
-1121889392 -313475659
-2099327584 -313475659
659657482 -313475659
-1971034683 131376442
-104246991 131376442
1666857170 131376442
96558 131376442
594938143 131376442
-2077388947 131376442
-313475659 131376442
210278047 131376442
555146884 131376442
-1123113148 131376442
65803288 131376442
3035140 131376442
-897275839 131376442
-1320443773 131376442
109302502 131376442
623388507 131376442
-1020567853 131376442
1842269447 131376442
665484796 131376442
-1187446711 131376442
108863838 131376442
1969032679 131376442
-1379067743 131376442
3035543 131376442
2604503 131376442
2556577 131376442
1265341891 131376442
3021222 131376442
-193651499 131376442
2079921 131376442
-1690634473 131376442
356067575 131376442
659657482 131376442
-759416349 131376442
1385793596 131376442
-2135752763 131376442
64487142 131376442
-1121889392 131376442
79317863 131376442
2064311162 131376442
1072333400 131376442
-1032320176 131376442
99456041 131376442
-984119941 131376442
-1191529098 131376442
543110495 131376442
3750178 131376442
1985415139 131376442
-73548211 131376442
-1042254559 131376442
1496387459 131376442
-2079195781 131376442
3107557 131376442
286129762 131376442
1799953292 131376442
581792104 1799953292
-193651499 1799953292
-1063584646 1799953292
2039575 1799953292
3035543 1799953292
-895561735 1799953292
-1487452608 1799953292
-2077388947 1799953292
3529808 1799953292
1509919074 1799953292
-1187446711 1799953292
-1448221180 1799953292
-1332471775 1799953292
-659559804 1799953292
794559889 1799953292
2101296 1799953292
1720966523 1799953292
659657482 1799953292
-1379067743 1799953292
-1042254559 1799953292
100362833 1799953292
-104246991 1799953292
2614668 1799953292
2604503 1799953292
3065326 1799953292
79290 1799953292
-1897902831 1799953292
1666857170 1799953292
-1806972563 1799953292
96558 1799953292
1842269447 1799953292
109302502 1799953292
2000483428 1799953292
-1049330159 1799953292
-1690634473 1799953292
-1020567853 1799953292
-313475659 1799953292
2064311162 1799953292
108863838 1799953292
1986682294 1799953292
1928751643 1799953292
3035140 1799953292
623388507 1799953292
594938143 1799953292
69002024 1799953292
665484796 1799953292
3750178 1799953292
357998662 1799953292
-1032320176 1799953292
-2087032515 1799953292
415212481 1799953292
1385793596 1799953292
286129762 1799953292
-73548211 1799953292
555146884 1799953292
3061122 1799953292
99456041 1799953292
543110495 1799953292
-1123113148 1799953292
1072333400 1799953292
1496387459 1799953292
1985415139 1799953292
-1320443773 1799953292
-1908743882 1799953292
-759416349 1799953292
-1191529098 1799953292
210278047 1799953292
-1998053154 1799953292
79317863 1799953292
-1121889392 1799953292
2556577 1799953292
3107557 1799953292
-1936700685 1799953292
451394747 1799953292
356067575 1799953292
2095353985 1799953292
-2099327584 1799953292
157375084 -73548211
-104246991 -73548211
-1123113148 -73548211
2604503 -73548211
1969032679 -73548211
-1971034683 -895561735
157375084 -895561735
1496387459 -895561735
1799953292 -895561735
2614668 -895561735
3035140 -895561735
1385793596 -895561735
-2077388947 -895561735
79317863 -895561735
-1379067743 -895561735
69002024 -895561735
415212481 -895561735
1985415139 -895561735
1842269447 -895561735
623388507 -895561735
-1063584646 -895561735
2604503 -895561735
100362833 -895561735
659657482 -895561735
-897275839 -895561735
-1032320176 -895561735
-2135752763 -895561735
1072333400 -895561735
-2000282856 -895561735
2079921 -895561735
-659559804 -895561735
3065326 -895561735
-1020567853 -895561735
2101296 -895561735
-1320443773 -895561735
1270474360 -895561735
3599757 -895561735
-1998053154 -895561735
1986682294 -895561735
131376442 -895561735
-1448221180 -895561735
99456041 2614668
-897275839 2614668
3035140 2614668
623388507 2614668
-1998053154 2614668
555146884 2614668
79317863 2614668
2095353985 2614668
-1936700685 2614668
1224527442 2614668
-1897902831 2614668
79290 2614668
-2079195781 2614668
3035543 2614668
2064311162 2614668
1986682294 2614668
-895561735 3035140
-450740129 3035140
-659559804 3035140
-1187446711 3035140
-104246991 3035140
1367681748 3035140
-1332471775 3035140
415212481 3035140
3107557 3035140
659657482 3035140
-1908743882 3035140
-759416349 3035140
1385793596 3035140
-2079195781 3035140
-1020567853 3035140
-1908743882 3035543
1496387459 3035543
-1191529098 3035543
1799953292 2039575
1969032679 2039575
1509919074 2039575
-659559804 2039575
794559889 2039575
-1379067743 2039575
-1187446711 2039575
108863838 2039575
1385793596 2039575
1842269447 2039575
-1123113148 2039575
-1049330159 2039575
-1191529098 2039575
-1042254559 2039575
-1032320176 2039575
3061122 2039575
79317863 2039575
-1690634473 2039575
65803288 2039575
2064311162 2039575
-1121889392 2039575
-193651499 2039575
-2079195781 2039575
-1998053154 2039575
3750178 2039575
2095353985 2039575
-1936700685 2039575
-1191122535 2039575
659657482 2039575
-2099327584 -1379067743
-895561735 -1379067743
1072333400 -1379067743
665484796 -1379067743
-2079195781 -1379067743
1799953292 -1379067743
-1042254559 -1379067743
-1320443773 -1379067743
-1690634473 -1379067743
2064311162 -1379067743
-1020567853 -1379067743
-897275839 -1379067743
2556577 -1379067743
-313475659 -1379067743
-1123113148 -1379067743
-1936700685 -1379067743
1367681748 -1379067743
131376442 -1379067743
1224527442 -1379067743
79290 -1379067743
3065326 -1379067743
-1998053154 -1379067743
2039575 -1379067743
1799953292 2604503
1509919074 2604503
3750178 2604503
-1998053154 2604503
-1191529098 2604503
79290 2604503
1270474360 2604503
555146884 2604503
69002024 2604503
1072333400 2604503
3065326 2604503
131376442 2604503
451394747 2604503
3061122 2604503
2095353985 2604503
-73548211 2604503
3035543 2604503
-2000282856 2604503
623388507 2604503
356067575 2604503
-2099327584 2604503
-1936700685 2604503
-1897902831 2604503
-1191122535 2604503
286129762 2604503
1842269447 2604503
-2077388947 2604503
1224527442 2604503
-2079195781 2604503
3021222 2604503
-1738755902 3021222
79317863 3021222
2064311162 3021222
210278047 3021222
2079921 3021222
1265341891 3021222
79290 3021222
1666857170 3021222
1224527442 3021222
2095353985 3021222
665484796 3021222
1842269447 3021222
356067575 3021222
-1897902831 3021222
-2099327584 3021222
-1998053154 3021222
-1121889392 3021222
-2000282856 3021222
3035543 3021222
1986682294 3021222
1367681748 3021222
451394747 3021222
3599757 3021222
3107557 3021222
3065326 3021222
623388507 3021222
-1191122535 3021222
1981034217 3021222
1270474360 3021222
1799953292 -193651499
2000483428 -193651499
2101296 -193651499
-1332471775 -193651499
-1020567853 -193651499
-1320443773 -193651499
1842269447 -193651499
-897275839 -193651499
-313475659 -193651499
79290 -193651499
1385793596 -193651499
3035140 -193651499
-1998053154 -193651499
543110495 -193651499
-1042254559 -193651499
79317863 -193651499
1985415139 -193651499
99456041 -193651499
109302502 -193651499
3065326 -193651499
131376442 -193651499
-1897902831 -193651499
1224527442 -193651499
286129762 -193651499
2064311162 -193651499
415212481 -193651499
-1936700685 -193651499
3750178 -193651499
-2077388947 -659559804
96558 -659559804
-1187446711 -659559804
-984119941 -659559804
-313475659 -659559804
-1049330159 -659559804
1799953292 -659559804
1720966523 -659559804
-1690634473 -659559804
1928751643 -659559804
3529808 -659559804
415212481 -659559804
65803288 -659559804
-1908743882 -659559804
286129762 -659559804
581792104 -659559804
-1332471775 -659559804
3035140 -659559804
3035543 -659559804
3065326 -659559804
358405273 -659559804
-1789588979 -659559804
1270474360 -659559804
1666857170 -659559804
3750178 -659559804
-759416349 -659559804
-2087032515 -659559804
-1032320176 -659559804
157375084 -659559804
2000483428 -659559804
-1063584646 -659559804
-816306209 -659559804
-1020567853 -659559804
-2135752763 -659559804
1509919074 -659559804
1385793596 -659559804
-193651499 64487142
1072333400 64487142
-1020567853 64487142
1385793596 64487142
623388507 64487142
1986682294 64487142
69002024 64487142
-1936700685 64487142
-1063584646 64487142
-1042254559 64487142
357998662 64487142
659657482 64487142
1224527442 64487142
-2087032515 64487142
1985415139 64487142
3035140 64487142
2039575 3065326
-759416349 3065326
1385793596 3065326
-2135752763 3065326
-1806972563 3065326
3035140 3065326
-1690634473 3065326
108863838 3065326
3750178 3065326
-1379067743 3065326
-1998053154 3065326
79317863 3065326
-1908743882 3065326
2079921 3065326
356067575 3065326
-1191122535 3065326
1986682294 3065326
-2099327584 3065326
-897275839 3065326
1969032679 3065326
1842269447 3065326
-2077388947 3065326
3035543 3065326
64487142 3065326
2604503 3065326
2095353985 3065326
1720966523 3065326
581792104 3065326
623388507 3065326
1270474360 3065326
3061122 3065326
840807203 3065326
131376442 3065326
-1042254559 3065326
65803288 3065326
665484796 3065326
1224527442 3065326
1367681748 3065326
-1936700685 3065326
-1063584646 2079921
451394747 2079921
1509919074 2079921
-1332471775 2079921
-659559804 2079921
-104246991 2079921
-1123113148 2079921
-1936700685 2079921
623388507 2079921
-2000282856 2079921
1496387459 2079921
-1998053154 2079921
79317863 2079921
357998662 2079921
2039575 2079921
-984119941 2079921
-1738755902 2079921
3599757 2079921
-2099327584 2079921
-1121889392 2079921
1799953292 2079921
1720966523 2079921
1224527442 2079921
65803288 2079921
-1191122535 2079921
79290 2079921
3061122 2079921
1367681748 2079921
2095353985 2079921
-2087032515 2079921
415212481 2079921
1072333400 2079921
1270474360 2079921
131376442 2079921
99456041 2079921
3107557 2079921
1265341891 2079921
3035543 2079921
-1897902831 2079921
356067575 2079921
3065326 2079921
-73548211 2079921
2604503 2079921
3750178 2079921
2556577 2079921
-1063584646 -897275839
1969032679 -897275839
157375084 -897275839
2101296 -897275839
-1487452608 -897275839
358405273 -897275839
2000483428 -897275839
357998662 -897275839
1928751643 -897275839
-104246991 -897275839
1509919074 -897275839
-1690634473 -897275839
-1379067743 -897275839
2556577 -897275839
69002024 -897275839
984605322 -897275839
2039575 -897275839
-895561735 -897275839
-984119941 -897275839
-1042254559 -897275839
594938143 -897275839
-1789588979 -897275839
108863838 -897275839
1496387459 -897275839
-2087032515 -897275839
210278047 -897275839
-313475659 -897275839
543110495 -897275839
1985415139 -897275839
-1320443773 -897275839
108863838 644551031
79290 644551031
1224527442 -816306209
3750178 -816306209
-1063584646 -816306209
-1897902831 -816306209
1270474360 -1063584646
-897275839 -1063584646
157375084 -1063584646
1799953292 -1063584646
1496387459 -1063584646
100362833 -1063584646
357998662 -1063584646
-2135752763 -1063584646
1385793596 -1063584646
1928751643 -1063584646
3065326 -1063584646
2064311162 -1063584646
-895561735 -1063584646
-2099327584 -1063584646
65803288 -1063584646
-1971034683 -1063584646
543110495 -1063584646
1985415139 -1063584646
415212481 -1063584646
-73548211 -1063584646
-1998053154 -1063584646
79317863 -1063584646
-816306209 -1063584646
623388507 -1063584646
1224527442 -1063584646
2000483428 1265341891
-1897902831 1265341891
1799953292 -1738755902
1270474360 -1738755902
-1191122535 -1738755902
-2079195781 -1738755902
-1379067743 -1738755902
2064311162 -1738755902
-1020567853 -1738755902
3599757 -1738755902
-1448221180 -1738755902
3035140 -1738755902
2101296 -1738755902
-1998053154 -1738755902
1842269447 -1738755902
1981034217 -1738755902
543110495 -1738755902
-2099327584 -1738755902
1385793596 -1738755902
79317863 -1738755902
357998662 -1738755902
96558 -1738755902
2095353985 -1738755902
-2000282856 -1738755902
451394747 -1738755902
1985415139 -1738755902
594938143 -1738755902
79290 -1738755902
99456041 -1738755902
100362833 -1738755902
109302502 -1738755902
3107557 -1738755902
1224527442 -1738755902
-1191529098 -1738755902
1496387459 -1738755902
-895561735 -1738755902
-759416349 -1738755902
2079921 -1738755902
-897275839 -1332471775
2000483428 -1332471775
-1908743882 -1332471775
415212481 -1332471775
-659559804 -1332471775
-1806972563 -1332471775
543110495 -1332471775
357998662 -1332471775
555146884 -1332471775
623388507 -1332471775
-1690634473 -1332471775
96558 -1332471775
-193651499 -1332471775
2604503 -1332471775
100362833 -1332471775
2064311162 -1332471775
1799953292 -1332471775
1842269447 -1332471775
210278047 -1332471775
-73548211 -1332471775
1981034217 -1332471775
286129762 -1332471775
3021222 -1332471775
-1379067743 -1332471775
-2077388947 -1332471775
-1789588979 -1332471775
665484796 -1332471775
3065326 -1332471775
3599757 -1332471775
3750178 -1332471775
3061122 -1332471775
356067575 -1332471775
1496387459 -1332471775
-2087032515 -1332471775
581792104 -1332471775
-984119941 -1332471775
2079921 -1332471775
1385793596 -1332471775
594938143 -1332471775
-1020567853 -1332471775
99456041 -1332471775
1509919074 -1332471775
109302502 -1332471775
108863838 -1332471775
-1032320176 -1332471775
-897275839 2556577
108863838 2556577
-1806972563 2556577
-313475659 2556577
-1320443773 2556577
1072333400 2556577
357998662 2556577
100362833 2556577
1842269447 2556577
-2087032515 2556577
-1789588979 2556577
157375084 2556577
-1063584646 2556577
3035140 2556577
210278047 2556577
-1042254559 2556577
1270474360 2556577
1928751643 2556577
-1908743882 2556577
-1379067743 2556577
794559889 2556577
1496387459 2556577
2614668 2556577
-1020567853 2556577
-1191529098 2556577
1986682294 2556577
1985415139 2556577
3750178 2556577
-2077388947 2556577
69002024 2556577
2064311162 2556577
-759416349 2556577
1799953292 2556577
-1121889392 2556577
-1936700685 2556577
-1690634473 2556577
1720966523 2556577
65803288 2556577
3035543 2556577
3021222 2556577
356067575 2556577
79290 2556577
-73548211 2556577
96558 65803288
1720966523 65803288
1842269447 65803288
1799953292 65803288
-1020567853 65803288
1666857170 65803288
-759416349 65803288
2064311162 65803288
-1123113148 65803288
1270474360 65803288
3529808 65803288
-659559804 65803288
581792104 65803288
-1971034683 65803288
-193651499 65803288
2604503 65803288
108863838 65803288
-984119941 65803288
-1690634473 65803288
3021222 65803288
1981034217 65803288
79317863 65803288
-1379067743 65803288
1385793596 65803288
2039575 65803288
2556577 65803288
3061122 65803288
100362833 65803288
543110495 65803288
-1320443773 65803288
555146884 65803288
623388507 65803288
3035140 65803288
210278047 65803288
1496387459 65803288
1985415139 65803288
1509919074 65803288
109302502 65803288
2000483428 -1042254559
109302502 -1042254559
-1379067743 -1042254559
2039575 -1042254559
3021222 -1042254559
-2135752763 -1042254559
415212481 -1042254559
594938143 -1042254559
-1191529098 -1042254559
96558 -1042254559
-897275839 -1042254559
2604503 -1042254559
623388507 -1042254559
659657482 -1042254559
286129762 -1042254559
-2087032515 -1042254559
2079921 -1042254559
-1332471775 -1042254559
3035140 -1042254559
-984119941 -1042254559
1985415139 1011056519
-2087032515 1011056519
-1897902831 1011056519
99456041 1011056519
131376442 1011056519
2101296 1928751643
-1487452608 1928751643
-2135752763 1928751643
-1971034683 1928751643
-897275839 1928751643
-1063584646 1928751643
2064311162 1928751643
-1049330159 1928751643
-1690634473 1928751643
-1191529098 1928751643
-1379067743 1928751643
-1187446711 1928751643
1666857170 1928751643
1720966523 1928751643
109302502 1928751643
-1806972563 1928751643
-313475659 1928751643
3529808 1928751643
594938143 1928751643
-1908743882 1928751643
-960224737 1928751643
-1020567853 1928751643
2000483428 1928751643
1799953292 1928751643
1842269447 1928751643
-1320443773 1928751643
1509919074 1928751643
-1123113148 1928751643
794559889 1928751643
1496387459 1928751643
79317863 1928751643
286129762 1928751643
543110495 1928751643
659657482 1928751643
-1332471775 -1806972563
581792104 -1806972563
1385793596 -1806972563
-984119941 -1806972563
3107557 -1806972563
1986682294 -1806972563
-1379067743 -1806972563
1509919074 -1806972563
1928751643 -1806972563
543110495 -1806972563
2101296 -1806972563
2000483428 -1806972563
286129762 -1806972563
210278047 -1806972563
-2079195781 -1806972563
79317863 -1806972563
-2087032515 -1806972563
-1042254559 -1806972563
-73548211 -1806972563
665484796 -1806972563
-1320443773 -1806972563
-759416349 -1806972563
-1936700685 -1806972563
1496387459 -1806972563
3061122 -1806972563
1985415139 -1806972563
1666857170 2101296
3035140 2101296
1928751643 2101296
286129762 2101296
-193651499 2101296
1981034217 2101296
-104246991 2101296
2614668 2101296
-984119941 2101296
665484796 2101296
-1032320176 2101296
100362833 2101296
415212481 2101296
-897275839 2101296
96558 2101296
-895561735 2101296
1799953292 2101296
-1123113148 2101296
-1936700685 2101296
356067575 2101296
1496387459 2101296
3750178 2101296
1270474360 2101296
131376442 2101296
3061122 2101296
-1191122535 2101296
79290 2101296
-1897902831 2101296
2000483428 2101296
69002024 2101296
1072333400 2101296
-1020567853 2101296
1986682294 2101296
-2099327584 2101296
-1806972563 2101296
1509919074 2101296
108863838 2101296
-2135752763 2101296
659657482 2101296
-759416349 2101296
-2000282856 2101296
1385793596 2101296
2064311162 2101296
451394747 2101296
543110495 2101296
-1049330159 2101296
623388507 2101296
1985415139 2101296
210278047 2101296
357998662 2101296
-659559804 2101296
2095353985 2101296
79317863 2101296
-2079195781 2101296
-2087032515 2101296
-1738755902 2101296
109302502 2101296
-1121889392 2101296
-1690634473 2101296
-1998053154 2101296
-73548211 2101296
-1690634473 1720966523
-1042254559 1720966523
-1998053154 1720966523
1072333400 1720966523
-2079195781 1720966523
3035543 1720966523
1969032679 1720966523
-2077388947 1720966523
1367681748 1720966523
451394747 1720966523
3021222 1720966523
69002024 1720966523
-960224737 1720966523
3599757 1720966523
2064311162 1720966523
581792104 1720966523
555146884 1720966523
1270474360 1720966523
-2099327584 1720966523
3529808 1720966523
-193651499 1720966523
131376442 1720966523
-1121889392 1720966523
-2000282856 1720966523
-1332471775 1720966523
-897275839 1720966523
3035140 1720966523
-1806972563 1720966523
2095353985 1720966523
-2135752763 1720966523
99456041 1720966523
3107557 1720966523
415212481 1720966523
-816306209 1720966523
840807203 1720966523
1385793596 1720966523
659657482 1720966523
-1448221180 1720966523
-1191529098 1720966523
1265341891 1720966523
-1020567853 1720966523
1986682294 1720966523
-1789588979 1720966523
356067575 1720966523
-759416349 1720966523
100362833 1720966523
1799953292 1720966523
3065326 1720966523
-73548211 1720966523
-1936700685 1720966523
96558 1720966523
3750178 1720966523
1842269447 1720966523
2614668 1720966523
665484796 1720966523
3061122 1720966523
-1908743882 1720966523
623388507 1720966523
-1191122535 1720966523
358405273 1720966523
1981034217 1720966523
1666857170 1720966523
-1320443773 794559889
581792104 794559889
1799953292 794559889
-1487452608 794559889
108863838 794559889
2064311162 794559889
3035140 794559889
623388507 794559889
1224527442 794559889
2039575 794559889
-2135752763 794559889
-1121889392 794559889
-1998053154 794559889
-450740129 69002024
3035140 69002024
210278047 69002024
356067575 69002024
357998662 69002024
2101296 69002024
-895561735 69002024
1509919074 69002024
-897275839 69002024
1799953292 69002024
65803288 69002024
-1971034683 69002024
-73548211 69002024
-1042254559 69002024
-1998053154 69002024
-1320443773 69002024
1842269447 69002024
1496387459 69002024
79317863 69002024
1985415139 69002024
1224527442 69002024
-1049330159 69002024
286129762 69002024
2064311162 69002024
415212481 69002024
623388507 69002024
-1191529098 69002024
3750178 69002024
1720966523 69002024
665484796 69002024
451394747 69002024
2095353985 69002024
1072333400 69002024
555146884 69002024
-1908743882 69002024
-2077388947 69002024
-1121889392 69002024
100362833 69002024
-1789588979 69002024
-759416349 69002024
-2135752763 69002024
3061122 69002024
1969032679 69002024
659657482 69002024
-2079195781 69002024
-1191122535 69002024
1799953292 -1487452608
-897275839 -1487452608
-1063584646 -1487452608
109302502 -1487452608
79317863 -1487452608
794559889 -1487452608
-1908743882 -1487452608
1509919074 -1487452608
1928751643 -1487452608
1385793596 -1487452608
-313475659 -1487452608
-2135752763 -1487452608
108863838 -1487452608
623388507 -1487452608
-1806972563 -1487452608
3035140 -1487452608
69002024 -1487452608
358405273 -1487452608
-1320443773 -1487452608
1969032679 -1487452608
-1971034683 -1049330159
-1448221180 -1049330159
-1487452608 -1049330159
1385793596 -1049330159
-2135752763 -1049330159
108863838 -1049330159
1666857170 -1049330159
-2087032515 -1049330159
-759416349 -1049330159
415212481 -1049330159
-1191529098 -1049330159
-1020567853 -1049330159
2000483428 -1049330159
1072333400 -1049330159
1799953292 -1049330159
2064311162 -1049330159
99456041 -1049330159
1928751643 -1049330159
623388507 -1049330159
1985415139 -1049330159
-1379067743 -1049330159
2101296 -1049330159
210278047 -1049330159
1842269447 -1049330159
1367681748 -1049330159
-1806972563 -1049330159
-1738755902 -1049330159
96558 -1049330159
-1998053154 -1049330159
-1042254559 -1049330159
659657482 -1049330159
-1032320176 -1049330159
79317863 -1049330159
-1690634473 -1049330159
1720966523 -1049330159
65803288 -1049330159
2095353985 -1049330159
3035543 -1049330159
3021222 -1049330159
-1121889392 -1049330159
356067575 -1049330159
-73548211 -1049330159
2039575 -1049330159
1496387459 -1049330159
-1320443773 -1049330159
-1191122535 -1049330159
451394747 -1049330159
-2079195781 -1049330159
3061122 -1049330159
-2099327584 -1049330159
1224527442 -1049330159
131376442 -1049330159
-1936700685 -1049330159
-1487452608 109302502
-2079195781 109302502
108863838 109302502
96558 109302502
1799953292 109302502
-313475659 109302502
-1187446711 109302502
357998662 109302502
415212481 109302502
-659559804 109302502
-2087032515 109302502
2064311162 109302502
1509919074 109302502
-1020567853 109302502
-1332471775 109302502
-2000282856 109302502
623388507 109302502
3035140 109302502
131376442 109302502
1969032679 109302502
1496387459 109302502
2095353985 109302502
1985415139 109302502
2101296 109302502
65803288 109302502
451394747 109302502
99456041 109302502
-1998053154 109302502
1224527442 109302502
79317863 109302502
-1738755902 109302502
1986682294 109302502
984605322 109302502
-193651499 109302502
-1191529098 109302502
1981034217 109302502
3107557 109302502
3529808 1981034217
79290 1981034217
-1379067743 1981034217
3107557 1981034217
-1998053154 1981034217
1985415139 1981034217
1224527442 1981034217
984605322 1981034217
99456041 1981034217
-1936700685 1981034217
1986682294 1981034217
-2087032515 1981034217
109302502 1981034217
100362833 1981034217
-1191529098 1981034217
-1806972563 1981034217
-1897902831 1981034217
1072333400 1981034217
-2135752763 984605322
623388507 984605322
543110495 984605322
594938143 984605322
1270474360 984605322
357998662 984605322
-897275839 984605322
-73548211 984605322
-2087032515 984605322
-1998053154 984605322
1385793596 984605322
1224527442 984605322
79317863 984605322
1981034217 984605322
65803288 984605322
1986682294 984605322
-1936700685 984605322
451394747 984605322
1666857170 984605322
356067575 984605322
2095353985 984605322
-2000282856 984605322
-2079195781 984605322
79290 984605322
-1897902831 984605322
-2099327584 984605322
-1191122535 984605322
1367681748 984605322
109302502 984605322
-659559804 984605322
-1191529098 984605322
99456041 984605322
2064311162 984605322
100362833 984605322
1969032679 984605322
1985415139 984605322
-104246991 99456041
1509919074 99456041
-1049330159 99456041
-1379067743 99456041
2039575 99456041
594938143 99456041
-1020567853 99456041
-1971034683 99456041
-984119941 99456041
543110495 99456041
-2087032515 99456041
-1187446711 99456041
-313475659 99456041
-1789588979 99456041
2000483428 99456041
286129762 99456041
357998662 99456041
1969032679 99456041
96558 99456041
109302502 99456041
69002024 99456041
794559889 99456041
1720966523 99456041
-1690634473 99456041
-1806972563 99456041
1842269447 99456041
-1320443773 99456041
1928751643 99456041
1011056519 99456041
-1042254559 99456041
-1063584646 99456041
2556577 99456041
-1332471775 99456041
65803288 99456041
-1738755902 99456041
64487142 99456041
2079921 99456041
-659559804 99456041
2604503 99456041
3035140 99456041
-1123113148 99456041
-895561735 99456041
108863838 99456041
79290 99456041
984605322 99456041
665484796 99456041
-1032320176 99456041
1799953292 99456041
79317863 99456041
1496387459 99456041
1985415139 99456041
1224527442 99456041
-1191529098 99456041
-1063584646 100362833
2000483428 100362833
79290 100362833
-1032320176 100362833
415212481 100362833
581792104 100362833
-450740129 100362833
2101296 100362833
-1332471775 100362833
1799953292 100362833
-104246991 100362833
1509919074 100362833
109302502 100362833
-659559804 100362833
-1191529098 100362833
1011056519 100362833
-1789588979 100362833
210278047 100362833
665484796 100362833
-1123113148 100362833
543110495 100362833
2556577 100362833
-313475659 100362833
357998662 100362833
-1320443773 100362833
1985415139 100362833
1981034217 100362833
99456041 100362833
-897275839 100362833
65803288 100362833
3035140 100362833
-1998053154 100362833
-2087032515 100362833
-816306209 100362833
286129762 100362833
984605322 100362833
-895561735 100362833
131376442 100362833
-1738755902 100362833
-1042254559 100362833
79317863 100362833
-1121889392 100362833
1720966523 100362833
1224527442 100362833
-1049330159 -1191529098
157375084 -1191529098
2000483428 -1191529098
1509919074 -1191529098
-984119941 -1191529098
-313475659 -1191529098
-1690634473 -1191529098
-1379067743 -1191529098
840807203 -1191529098
108863838 -1191529098
358405273 -1191529098
2556577 -1191529098
-1320443773 -1191529098
-897275839 1969032679
2000483428 1969032679
-759416349 1969032679
451394747 1969032679
-1487452608 1969032679
1842269447 1969032679
1509919074 1969032679
-1332471775 1969032679
-1032320176 1969032679
-1020567853 1969032679
108863838 1969032679
-73548211 1969032679
-659559804 1969032679
109302502 1969032679
131376442 1969032679
1985415139 1969032679
1496387459 1969032679
3750178 1969032679
-2087032515 1969032679
-1971034683 1969032679
984605322 1969032679
-2079195781 1969032679
3061122 1969032679
358405273 1969032679
79290 2064311162
2039575 2064311162
358405273 2064311162
108863838 2064311162
-104246991 2064311162
-816306209 2064311162
-1448221180 2064311162
-1379067743 2064311162
-984119941 2064311162
-897275839 2064311162
2000483428 2064311162
3529808 2064311162
794559889 2064311162
2101296 2064311162
-1971034683 2064311162
581792104 2064311162
1666857170 2064311162
-1042254559 2064311162
659657482 2064311162
1720966523 2064311162
-1032320176 2064311162
543110495 2064311162
-1020567853 2064311162
357998662 2064311162
210278047 2064311162
-1738755902 2064311162
-2087032515 2064311162
79317863 2064311162
-193651499 2064311162
-1121889392 2064311162
-1897902831 2064311162
109302502 2064311162
-73548211 2064311162
665484796 2064311162
1509919074 2064311162
-1320443773 2064311162
1842269447 2064311162
555146884 2064311162
-1123113148 2064311162
3021222 2064311162
-313475659 2064311162
286129762 96558
-1191529098 96558
356067575 96558
65803288 96558
2101296 96558
-1332471775 96558
794559889 96558
-2087032515 96558
-313475659 96558
99456041 96558
1385793596 96558
-2000282856 96558
659657482 96558
108863838 96558
358405273 96558
-104246991 96558
543110495 96558
1986682294 96558
109302502 96558
2000483428 96558
1799953292 96558
-1320443773 96558
-1690634473 96558
1842269447 96558
-897275839 96558
210278047 96558
131376442 96558
79317863 96558
2095353985 96558
665484796 96558
1496387459 96558
-659559804 96558
-1998053154 96558
-1971034683 96558
1985415139 96558
-1789588979 96558
-1936700685 96558
-1738755902 96558
3750178 96558
-1042254559 96558
-1908743882 96558
1224527442 96558
-73548211 96558
-2079195781 96558
-1897902831 96558
79290 96558
357998662 96558
-1971034683 357998662
69002024 357998662
-1332471775 357998662
-1063584646 357998662
-2135752763 357998662
-895561735 357998662
-2099327584 357998662
581792104 357998662
99456041 357998662
1072333400 357998662
3750178 357998662
-897275839 357998662
-104246991 357998662
2000483428 357998662
1509919074 357998662
2064311162 357998662
109302502 357998662
-2077388947 357998662
451394747 357998662
-313475659 357998662
3035140 357998662
1986682294 357998662
2101296 357998662
-659559804 357998662
-1897902831 357998662
984605322 357998662
543110495 357998662
-1738755902 357998662
-1690634473 357998662
-1042254559 357998662
210278047 357998662
-984119941 357998662
1842269447 357998662
1799953292 357998662
1496387459 357998662
659657482 357998662
-2087032515 357998662
1985415139 357998662
-1191529098 357998662
-1789588979 357998662
96558 286129762
-895561735 286129762
2101296 286129762
-1897902831 286129762
-1332471775 286129762
108863838 286129762
-1690634473 286129762
-1020567853 286129762
659657482 286129762
356067575 286129762
1666857170 286129762
1928751643 286129762
623388507 286129762
3035140 286129762
1842269447 286129762
543110495 286129762
-1806972563 286129762
2604503 286129762
-1121889392 286129762
-1971034683 286129762
665484796 286129762
2095353985 286129762
79290 286129762
1509919074 286129762
3750178 286129762
-2079195781 286129762
-1042254559 286129762
-1032320176 286129762
594938143 286129762
131376442 286129762
-1936700685 286129762
-759416349 286129762
2000483428 286129762
99456041 286129762
555146884 286129762
79317863 286129762
451394747 286129762
1985415139 2000483428
3529808 2000483428
984605322 2000483428
581792104 2000483428
543110495 2000483428
-1908743882 2000483428
-1063584646 2000483428
-895561735 2000483428
-897275839 2000483428
-659559804 2000483428
555146884 2000483428
69002024 2000483428
-193651499 2000483428
100362833 2000483428
-1738755902 2000483428
-1121889392 2000483428
-1379067743 2000483428
1265341891 2000483428
794559889 2000483428
2101296 2000483428
358405273 2000483428
-1191529098 2000483428
99456041 2000483428
-1332471775 2000483428
1666857170 2000483428
1720966523 2000483428
-984119941 2000483428
1969032679 2000483428
2556577 2000483428
108863838 2000483428
1928751643 2000483428
1385793596 2000483428
157375084 2000483428
-1971034683 2000483428
-1187446711 2000483428
-1806972563 2000483428
415212481 2000483428
-1042254559 2000483428
659657482 2000483428
109302502 2000483428
1072333400 2000483428
357998662 2000483428
3599757 2000483428
96558 2000483428
2064311162 2000483428
1496387459 2000483428
-759416349 2000483428
-1049330159 2000483428
-313475659 2000483428
-1320443773 2000483428
-1690634473 2000483428
1799953292 2000483428
69002024 210278047
-1332471775 210278047
1509919074 210278047
108863838 210278047
-104246991 210278047
-1042254559 210278047
1666857170 210278047
665484796 210278047
96558 210278047
3599757 210278047
2000483428 210278047
356067575 210278047
-1320443773 210278047
-1690634473 210278047
-1049330159 210278047
3107557 210278047
543110495 210278047
-313475659 210278047
1072333400 210278047
2095353985 210278047
-759416349 210278047
1842269447 210278047
-1121889392 210278047
286129762 210278047
109302502 210278047
1496387459 210278047
415212481 210278047
131376442 210278047
1985415139 210278047
1986682294 210278047
2064311162 210278047
-2135752763 210278047
-1020567853 210278047
-897275839 210278047
-1936700685 210278047
623388507 210278047
3035140 210278047
-1032320176 210278047
2101296 210278047
65803288 210278047
-73548211 210278047
-1191529098 210278047
3750178 210278047
-897275839 -1789588979
2064311162 -1789588979
623388507 -1789588979
65803288 -1789588979
1496387459 -1789588979
1385793596 -1789588979
1270474360 -1789588979
-1320443773 -1789588979
-1971034683 3750178
2101296 3750178
1509919074 3750178
357998662 3750178
-659559804 3750178
1981034217 3750178
-895561735 3750178
-1063584646 3750178
2039575 3750178
-1332471775 3750178
984605322 3750178
109302502 3750178
100362833 3750178
2614668 3750178
665484796 3750178
-313475659 3750178
1496387459 3750178
-1379067743 3750178
-2135752763 3750178
1265341891 3750178
3035543 3750178
3021222 3750178
-104246991 3750178
-1123113148 3750178
3599757 3750178
108863838 3750178
-1191529098 3750178
3065326 3750178
2604503 3750178
-984119941 3750178
210278047 3750178
2000483428 3750178
-897275839 3750178
-1738755902 3750178
1928751643 3750178
1072333400 3750178
69002024 3750178
-1690634473 3750178
99456041 3750178
659657482 3750178
543110495 3750178
286129762 3750178
-1042254559 3750178
65803288 3750178
2079921 3750178
3107557 3750178
1986682294 3750178
-1897902831 3750178
356067575 3750178
2095353985 3750178
-1448221180 3750178
-2079195781 3750178
-73548211 3750178
3061122 3750178
-759416349 3750178
-1121889392 3750178
131376442 3750178
-1908743882 3750178
1385793596 3750178
96558 3750178
-2077388947 3750178
623388507 3750178
581792104 3750178
555146884 3750178
-816306209 3750178
1799953292 3750178
3035140 3750178
-1020567853 3750178
1969032679 3750178
1720966523 3750178
157375084 1666857170
2101296 1666857170
-313475659 1666857170
1496387459 1666857170
1842269447 1666857170
108863838 1666857170
-1042254559 1666857170
-1187446711 1666857170
-1123113148 1666857170
99456041 1666857170
-1049330159 1666857170
1509919074 1666857170
-1690634473 1666857170
1799953292 1666857170
-1320443773 1666857170
210278047 1666857170
1985415139 1666857170
-897275839 1666857170
-1332471775 1666857170
286129762 1666857170
-73548211 1666857170
1720966523 1666857170
-759416349 358405273
1985415139 358405273
2095353985 358405273
-897275839 358405273
79317863 358405273
2064311162 358405273
-2135752763 358405273
96558 358405273
-1690634473 358405273
-2000282856 358405273
1969032679 358405273
-1487452608 358405273
-1032320176 358405273
555146884 358405273
-1020567853 358405273
1509919074 358405273
-1320443773 358405273
-1332471775 358405273
1666857170 358405273
623388507 358405273
3035140 358405273
1224527442 358405273
2556577 358405273
-1998053154 358405273
65803288 358405273
-1971034683 358405273
-2099327584 358405273
-1789588979 358405273
3750178 358405273
-193651499 358405273
1367681748 358405273
100362833 581792104
1799953292 581792104
-659559804 581792104
3529808 581792104
79317863 581792104
794559889 581792104
357998662 581792104
1509919074 581792104
286129762 581792104
131376442 581792104
109302502 581792104
1985415139 581792104
1496387459 581792104
-1187446711 581792104
-1042254559 581792104
79290 581792104
-313475659 581792104
3750178 581792104
-1897902831 581792104
-1320443773 581792104
451394747 581792104
-960224737 581792104
1265341891 581792104
1224527442 581792104
2000483428 -1448221180
-1020567853 -1448221180
-1690634473 -1448221180
2064311162 -1448221180
108863838 -1448221180
543110495 -1448221180
3035140 -1448221180
-1738755902 -1448221180
-313475659 -1448221180
99456041 -1187446711
581792104 -1187446711
1072333400 -1187446711
-104246991 -1187446711
1799953292 -1187446711
3107557 -1187446711
1496387459 -1187446711
286129762 -1187446711
108863838 -1187446711
1385793596 -1187446711
2039575 -1187446711
3061122 -1187446711
-2135752763 -1187446711
-2079195781 -1187446711
109302502 -1187446711
-1020567853 -1187446711
-1320443773 -1187446711
1842269447 -1187446711
-1998053154 -1187446711
1666857170 -1187446711
659657482 -1187446711
356067575 -1187446711
-313475659 -1187446711
623388507 -1187446711
1270474360 -1187446711
-1936700685 -1187446711
79317863 -1187446711
1224527442 -1187446711
1367681748 -1187446711
-2099327584 -1187446711
-1448221180 -1187446711
131376442 -1187446711
-1332471775 -2087032515
-659559804 -2087032515
3529808 -2087032515
-1908743882 -2087032515
157375084 -2087032515
96558 -2087032515
-1320443773 -2087032515
1842269447 -2087032515
-1049330159 -2087032515
3035140 -2087032515
2101296 -2087032515
623388507 -2087032515
-313475659 -2087032515
984605322 -2087032515
-1690634473 -2087032515
1928751643 -2087032515
1496387459 -2087032515
-1042254559 -2087032515
1385793596 -2087032515
108863838 -2087032515
-193651499 -2087032515
3750178 -2087032515
-1897902831 -2087032515
659657482 -2087032515
-2077388947 -2087032515
-1191529098 -2087032515
3065326 79317863
581792104 79317863
-895561735 79317863
358405273 79317863
555146884 79317863
1928751643 79317863
-1187446711 79317863
131376442 79317863
96558 79317863
3599757 79317863
1981034217 79317863
-1487452608 79317863
2064311162 79317863
1224527442 79317863
-897275839 79317863
108863838 79317863
-1020567853 79317863
623388507 79317863
-659559804 79317863
2095353985 79317863
2101296 79317863
1072333400 79317863
1509919074 79317863
-2135752763 79317863
659657482 79317863
357998662 79317863
-2099327584 79317863
-1738755902 79317863
-1032320176 79317863
-1049330159 79317863
3035140 79317863
-1320443773 -984119941
2101296 -984119941
108863838 -984119941
-1020567853 -984119941
-1448221180 -984119941
665484796 -984119941
-1738755902 -984119941
1986682294 -984119941
2095353985 -984119941
-659559804 -984119941
-1121889392 -984119941
1072333400 -984119941
-1332471775 -984119941
3061122 -984119941
3750178 -984119941
-1191529098 -984119941
-313475659 -984119941
1509919074 -984119941
2064311162 -984119941
-2135752763 -984119941
1385793596 -984119941
623388507 -984119941
3035140 -984119941
1224527442 -984119941
1265341891 -984119941
356067575 -984119941
357998662 -984119941
-1032320176 -984119941
1985415139 -984119941
-1789588979 -984119941
1842269447 -984119941
-2000282856 -984119941
-2079195781 -984119941
-1042254559 -984119941
1367681748 -984119941
131376442 -984119941
-1998053154 -984119941
-1936700685 -984119941
-2087032515 -984119941
3107557 -984119941
543110495 -984119941
659657482 -984119941
1842269447 -1971034683
-895561735 -1971034683
210278047 -1971034683
3750178 -1971034683
2000483428 -1971034683
157375084 -1971034683
357998662 -1971034683
3065326 -1971034683
79290 -1971034683
594938143 -1971034683
-897275839 -1971034683
-1487452608 -1971034683
-1320443773 -1971034683
2614668 -1971034683
3035543 -1971034683
659657482 -1971034683
131376442 -1971034683
1928751643 -1971034683
-104246991 -1971034683
2064311162 -1971034683
-1020567853 -1971034683
-1998053154 -1971034683
1367681748 -1971034683
-2099327584 -1971034683
108863838 -1971034683
623388507 -1971034683
-2079195781 -1971034683
-1690634473 -1971034683
-1032320176 -1971034683
-1191529098 -1971034683
-73548211 -1971034683
69002024 -1971034683
99456041 -1971034683
-1936700685 -1971034683
-104246991 -1020567853
-1049330159 -1020567853
-960224737 -1020567853
-1908743882 -1020567853
157375084 -1020567853
3529808 -1020567853
-1971034683 -1020567853
-984119941 -1020567853
-1187446711 -1020567853
581792104 -1020567853
2000483428 -1020567853
286129762 -1020567853
357998662 -1020567853
984605322 -1020567853
794559889 -1020567853
2101296 -1020567853
-1332471775 -1020567853
2039575 -1020567853
64487142 -1020567853
2079921 -1020567853
-1379067743 -1020567853
2604503 -1020567853
-895561735 -1020567853
-193651499 -1020567853
109302502 -1020567853
-1738755902 -1020567853
2064311162 -1020567853
-659559804 -1020567853
65803288 -1020567853
358405273 -1020567853
1981034217 -1020567853
100362833 -1020567853
99456041 -1020567853
1720966523 -1020567853
-1690634473 -1020567853
594938143 -1020567853
-1032320176 -1020567853
210278047 -1020567853
1985415139 -1020567853
-1123113148 -1020567853
108863838 -1020567853
-1320443773 -1020567853
-897275839 -1020567853
1509919074 -1020567853
543110495 -1020567853
-1042254559 -1020567853
-313475659 -1020567853
2556577 -1020567853
1969032679 -1020567853
79290 -1020567853
-1897902831 -1020567853
-1063584646 -1020567853
1928751643 -1020567853
-73548211 -1020567853
79317863 -1020567853
64487142 415212481
-1379067743 415212481
-1332471775 415212481
-895561735 415212481
1509919074 415212481
-1320443773 415212481
-1049330159 415212481
594938143 415212481
-960224737 415212481
2000483428 415212481
1928751643 415212481
109302502 415212481
157375084 415212481
2064311162 415212481
794559889 415212481
65803288 415212481
2101296 415212481
210278047 415212481
-1063584646 415212481
-1971034683 415212481
1985415139 415212481
1496387459 415212481
1799953292 415212481
286129762 415212481
-1487452608 1385793596
109302502 1385793596
-1063584646 1385793596
581792104 1385793596
-1332471775 1385793596
794559889 1385793596
-984119941 1385793596
-1971034683 1385793596
1969032679 1385793596
-1187446711 1385793596
358405273 1385793596
2101296 1385793596
-1806972563 1385793596
96558 1385793596
357998662 1385793596
-1123113148 1385793596
-104246991 1385793596
108863838 1385793596
65803288 1385793596
2064311162 1385793596
555146884 1385793596
1496387459 1509919074
-1487452608 1509919074
157375084 1509919074
-1063584646 1509919074
543110495 1509919074
581792104 1509919074
-104246991 1509919074
-1936700685 659657482
-1971034683 659657482
665484796 659657482
-2087032515 659657482
2101296 659657482
1985415139 659657482
-1042254559 659657482
2064311162 659657482
1842269447 659657482
-897275839 659657482
1385793596 659657482
-1789588979 659657482
-1187446711 659657482
1496387459 659657482
-1690634473 659657482
1720966523 659657482
1969032679 659657482
1986682294 659657482
2000483428 659657482
-1191529098 659657482
1799953292 659657482
210278047 659657482
286129762 659657482
543110495 659657482
-1379067743 659657482
1928751643 659657482
-1032320176 659657482
1509919074 659657482
581792104 659657482
3035140 -759416349
358405273 -759416349
2000483428 -759416349
108863838 -759416349
210278047 -759416349
-1020567853 -759416349
-1049330159 -759416349
1509919074 -759416349
2101296 -759416349
-1042254559 -759416349
594938143 -759416349
286129762 -759416349
79317863 -759416349
-659559804 -759416349
623388507 -759416349
1985415139 -759416349
1496387459 -759416349
357998662 -759416349
2556577 -759416349
-1320443773 -759416349
555146884 -759416349
1666857170 -759416349
1842269447 -759416349
99456041 157375084
96558 157375084
1270474360 157375084
-1971034683 157375084
3599757 157375084
-897275839 157375084
1666857170 157375084
-73548211 157375084
-1063584646 157375084
-895561735 157375084
1496387459 157375084
-1936700685 157375084
-659559804 157375084
-1320443773 157375084
-2087032515 157375084
1985415139 157375084
451394747 157375084
-313475659 157375084
-1049330159 157375084
1385793596 157375084
2000483428 157375084
1928751643 157375084
-2135752763 157375084
1842269447 157375084
-1020567853 157375084
665484796 157375084
-1191529098 157375084
1224527442 157375084
623388507 157375084
-1908743882 157375084
415212481 157375084
-1191122535 157375084
-2099327584 157375084
79290 157375084
-1897902831 157375084
-1897902831 -1908743882
2000483428 -1908743882
-1020567853 -1908743882
3035140 -1908743882
157375084 -1908743882
1385793596 -1908743882
1367681748 -1908743882
79290 -1908743882
659657482 -1908743882
3750178 -1908743882
96558 -1908743882
-73548211 -1908743882
1985415139 -1908743882
1496387459 -1908743882
-1032320176 -1908743882
-1448221180 -1908743882
1224527442 -1908743882
1799953292 -1908743882
-1998053154 -1908743882
3065326 -1908743882
356067575 -1908743882
1496387459 -960224737
1928751643 -960224737
659657482 -960224737
-2099327584 -960224737
-1998053154 -960224737
1072333400 -960224737
-193651499 -960224737
-2079195781 -960224737
-1121889392 -960224737
-1448221180 -960224737
-2000282856 -960224737
-1191529098 -960224737
-1332471775 -960224737
3035543 -960224737
-1020567853 -960224737
1986682294 -960224737
356067575 -960224737
-2077388947 -960224737
3035140 -960224737
2614668 -960224737
665484796 -960224737
1367681748 -960224737
451394747 -960224737
3021222 -960224737
3061122 -960224737
2095353985 -960224737
-759416349 -960224737
3599757 -960224737
-2135752763 -960224737
100362833 -960224737
2064311162 -960224737
1799953292 -960224737
3107557 -960224737
415212481 -960224737
3065326 -960224737
581792104 -960224737
-73548211 -960224737
623388507 -960224737
-1191122535 -960224737
-1936700685 -960224737
555146884 -960224737
-816306209 -960224737
840807203 -960224737
96558 -960224737
1981034217 -960224737
1385793596 -960224737
1270474360 -960224737
3750178 -960224737
1666857170 -960224737
623388507 594938143
984605322 594938143
-1998053154 594938143
1985415139 594938143
-897275839 594938143
-759416349 594938143
-2135752763 594938143
-1042254559 594938143
-1738755902 594938143
286129762 594938143
451394747 594938143
1799953292 594938143
-2079195781 594938143
2000483428 3529808
2064311162 3529808
-1971034683 3529808
1496387459 3529808
594938143 3529808
1666857170 3529808
356067575 3529808
