11.43 0.00 17.22 34.30 0.00 32.20 4.85 0.00 0.00
19.05 11.51 24.92 23.23 7.41 11.51 2.38 0.00 0.00
51.48 3.70 0.00 16.49 0.00 6.29 22.04 0.00 0.00
33.33 0.00 3.33 56.67 0.00 6.67 0.00 0.00 0.00
5.85 0.00 14.95 77.11 0.00 0.78 1.30 0.00 0.00
4.36 19.84 10.23 46.21 2.46 4.74 12.16 0.00 0.00
17.97 24.89 5.15 34.37 0.00 4.80 12.82 0.00 0.00
32.50 0.00 9.38 28.12 0.00 16.88 13.12 0.00 0.00
2.73 10.16 16.80 21.22 8.53 6.32 34.24 0.00 0.00
19.21 0.69 9.70 9.03 0.00 3.54 57.83 0.00 0.00
24.95 2.12 8.83 53.32 1.39 1.39 8.02 0.00 0.00
8.62 4.33 10.53 21.46 3.71 9.48 41.88 0.00 0.00
10.57 12.57 3.59 27.25 8.39 11.38 26.25 0.00 0.00
21.77 13.31 10.08 22.98 0.00 2.42 29.44 0.00 0.00
5.04 5.40 14.39 29.98 16.04 8.21 20.95 0.00 0.00
7.47 11.88 20.61 26.53 0.00 12.71 20.80 0.00 0.00
13.31 8.93 7.12 39.39 0.00 17.00 14.24 0.00 0.00
19.36 1.76 23.41 32.94 0.00 5.99 16.54 0.00 0.00
50.00 6.25 18.75 18.75 0.00 3.12 3.12 0.00 0.00
6.01 6.51 20.47 25.22 0.00 1.92 39.88 0.00 0.00
2.36 2.30 20.23 15.84 4.39 13.38 41.50 0.00 0.00
0.00 0.00 0.00 0.00 0.00 0.00 0.00 0.00 0.00
19.20 5.30 8.27 22.71 0.00 10.99 33.54 0.00 0.00
14.25 4.73 5.60 28.04 0.51 2.72 44.14 0.00 0.00
5.95 3.24 0.00 86.49 0.00 1.62 2.70 0.00 0.00
5.45 10.88 7.07 31.93 1.38 6.21 37.09 0.00 0.00
21.95 2.27 12.94 32.26 0.00 17.80 12.78 0.00 0.00
22.20 12.43 16.31 25.23 0.00 1.97 21.86 0.00 0.00
18.09 3.13 6.94 30.57 0.00 15.94 25.33 0.00 0.00
6.48 10.01 10.73 52.54 0.00 5.52 14.72 0.00 0.00
30.93 7.94 3.74 12.89 0.00 17.18 27.32 0.00 0.00
3.70 13.51 1.46 31.08 0.00 4.10 46.15 0.00 0.00
2.46 12.71 37.87 14.23 0.00 2.22 30.51 0.00 0.00
2.02 14.71 11.01 44.45 0.00 13.93 13.87 0.00 0.00
3.09 18.88 9.12 24.50 0.00 5.54 38.87 0.00 0.00
8.69 9.63 16.81 32.99 12.20 8.69 10.99 0.00 0.00
16.29 2.37 0.33 31.72 0.00 2.41 46.88 0.00 0.00
11.74 3.06 2.57 45.03 0.21 2.41 34.97 0.00 0.00
13.29 27.26 0.00 19.38 2.65 29.80 7.62 0.00 0.00
3.58 12.04 0.00 53.66 0.00 12.47 18.24 0.00 0.00
9.36 22.93 1.40 31.11 7.86 15.18 12.16 0.00 0.00
4.65 93.02 0.00 0.00 0.00 1.16 1.16 0.00 0.00
9.22 5.61 1.80 58.12 0.00 3.01 22.24 0.00 0.00
11.48 44.26 24.59 18.03 0.00 0.00 1.64 0.00 0.00
6.71 16.39 0.00 40.24 5.14 10.13 21.39 0.00 0.00
10.66 1.33 10.92 44.76 0.00 7.87 24.47 0.00 0.00
0.00 0.00 0.00 0.00 0.00 0.00 0.00 0.00 0.00
11.63 65.12 6.98 6.98 0.00 9.30 0.00 0.00 0.00
0.00 83.33 16.67 0.00 0.00 0.00 0.00 0.00 0.00
6.12 12.90 7.68 14.35 0.00 0.00 58.95 0.00 0.00
10.94 24.18 2.06 58.78 0.00 0.00 4.04 0.00 0.00
9.35 6.87 11.83 47.14 0.00 10.05 14.76 0.00 0.00
10.69 9.92 9.92 66.41 0.00 0.00 3.05 0.00 0.00
0.00 20.62 21.65 11.34 0.00 7.73 38.66 0.00 0.00
20.01 13.46 0.00 52.22 0.00 9.06 5.24 0.00 0.00
3.48 51.30 29.57 15.65 0.00 0.00 0.00 0.00 0.00
34.62 46.15 0.00 0.00 0.00 0.00 19.23 0.00 0.00
1.04 40.97 0.70 25.47 0.00 5.76 26.06 0.00 0.00
1.16 63.37 1.16 27.03 0.00 7.27 0.00 0.00 0.00
15.18 2.59 1.39 49.86 0.00 0.00 30.99 0.00 0.00
0.00 44.06 0.00 26.59 0.00 7.41 21.94 0.00 0.00
0.22 51.86 0.22 45.29 0.00 0.99 1.43 0.00 0.00
8.19 5.01 5.70 43.83 0.98 11.98 24.32 0.00 0.00
0.64 24.10 2.06 20.38 0.00 20.72 32.10 0.00 0.00
0.64 37.36 0.00 37.58 1.54 13.58 9.29 0.00 0.00
0.00 13.30 7.88 45.96 3.06 2.33 27.46 0.00 0.00
1.38 15.50 11.29 38.39 7.25 13.90 12.29 0.00 0.00
4.27 23.73 0.00 37.78 0.00 4.54 29.68 0.00 0.00
33.33 66.67 0.00 0.00 0.00 0.00 0.00 0.00 0.00
0.56 50.70 5.31 31.87 1.03 0.84 9.69 0.00 0.00
9.14 0.00 5.16 36.01 0.00 8.95 40.73 0.00 0.00
0.00 0.00 0.00 72.69 0.00 0.00 27.31 0.00 0.00
11.01 14.66 19.46 47.91 0.00 0.00 6.96 0.00 0.00
8.71 11.04 0.00 62.13 0.00 0.00 18.12 0.00 0.00
23.84 0.00 27.06 49.10 0.00 0.00 0.00 0.00 0.00
10.94 8.93 32.59 47.54 0.00 0.00 0.00 0.00 0.00
13.68 0.00 13.43 60.30 0.00 6.86 5.73 0.00 0.00
0.00 15.93 0.00 64.78 0.00 0.00 19.29 0.00 0.00
0.00 19.23 0.00 27.71 0.00 0.00 53.05 0.00 0.00
9.19 14.09 9.80 66.92 0.00 0.00 0.00 0.00 0.00
13.26 5.54 0.00 66.28 0.00 14.93 0.00 0.00 0.00
39.22 0.00 5.94 42.37 0.00 0.00 12.48 0.00 0.00
0.00 0.00 0.00 59.36 0.00 0.00 40.64 0.00 0.00
5.68 20.66 0.00 45.11 0.00 0.00 28.55 0.00 0.00
12.38 0.00 7.59 68.06 0.00 0.00 11.97 0.00 0.00
0.00 14.71 0.00 59.10 0.00 13.03 13.15 0.00 0.00
6.84 0.00 0.00 56.73 0.00 31.57 4.86 0.00 0.00
6.94 43.97 8.87 40.23 0.00 0.00 0.00 0.00 0.00
5.08 0.00 6.60 47.05 0.00 4.48 36.78 0.00 0.00
4.67 0.00 8.49 36.43 0.00 3.84 46.57 0.00 0.00
22.96 6.55 5.12 58.79 0.00 6.59 0.00 0.00 0.00
9.84 13.11 21.31 46.89 0.00 0.00 8.85 0.00 0.00
13.67 15.46 0.00 20.11 0.00 12.57 38.19 0.00 0.00
0.00 8.56 25.72 49.50 0.00 16.23 0.00 0.00 0.00
0.00 0.00 0.00 69.81 0.00 0.00 30.19 0.00 0.00
0.00 32.72 10.45 32.56 0.00 0.00 24.27 0.00 0.00
12.53 10.62 0.00 40.47 0.00 0.00 36.39 0.00 0.00
0.00 0.00 0.00 60.06 0.00 7.59 32.35 0.00 0.00
0.00 0.00 0.00 78.81 0.00 0.00 21.19 0.00 0.00
0.00 10.71 0.00 58.13 0.00 0.00 31.16 0.00 0.00
0.00 0.00 0.00 54.95 0.00 0.00 45.05 0.00 0.00
0.00 0.00 0.00 0.00 0.00 0.00 0.00 0.00 0.00
7.39 25.24 0.00 42.97 0.00 0.00 24.41 0.00 0.00
22.66 0.00 0.00 50.52 0.00 0.00 26.82 0.00 0.00
82.15 0.00 0.00 0.00 0.00 17.85 0.00 0.00 0.00
0.00 0.00 100.00 0.00 0.00 0.00 0.00 0.00 0.00
0.00 40.00 0.00 60.00 0.00 0.00 0.00 0.00 0.00
0.00 0.00 69.81 30.19 0.00 0.00 0.00 0.00 0.00
